# age N_data S_data
22000.000000 7.141162 -5.294543
21989.999771 7.278097 -5.274084
21979.999542 7.224194 -5.317593
21969.999313 7.384997 -5.299592
21959.999084 7.282170 -5.161757
21950.000763 7.080447 -5.422806
21940.000534 7.176081 -5.072704
21930.000305 7.353858 -5.336712
21920.000076 7.260314 -5.291446
21909.999847 7.352879 -5.304276
21899.999619 7.339853 -5.345119
21889.999390 7.124676 -5.308343
21879.999161 7.024773 -5.344424
21870.000839 7.277022 -5.197567
21860.000610 7.411567 -5.224677
21850.000381 7.385281 -5.312687
21840.000153 7.183907 -5.267630
21829.999924 7.191162 -5.249920
21819.999695 7.341520 -5.192738
21809.999466 7.409233 -5.439236
21799.999237 7.394175 -5.200079
21790.000916 7.287917 -5.384977
21780.000687 7.324247 -5.374950
21770.000458 7.406275 -5.549541
21760.000229 7.370806 -5.237055
21750.000000 7.382898 -5.315694
21739.999771 7.305958 -5.469941
21729.999542 7.166192 -5.247091
21719.999313 7.366793 -5.494395
21709.999084 7.095984 -5.355350
21700.000763 7.166309 -5.300225
21690.000534 7.372129 -5.328799
21680.000305 7.339552 -5.482772
21670.000076 7.305975 -5.427631
21659.999847 7.358942 -5.296142
21649.999619 7.254030 -5.355439
21639.999390 7.141981 -5.378234
21629.999161 7.409567 -5.270806
21620.000839 7.167340 -5.260105
21610.000610 7.236467 -5.250548
21600.000381 7.294940 -5.285707
21590.000153 7.338200 -5.348417
21579.999924 7.464688 -5.270200
21569.999695 7.230275 -5.330842
21559.999466 7.398149 -5.309601
21549.999237 7.418902 -5.259971
21540.000916 7.411909 -5.154732
21530.000687 7.499787 -5.378412
21520.000458 7.252991 -5.306115
21510.000229 7.203171 -5.225612
21500.000000 7.241172 -5.400146
21489.999771 7.477838 -5.301656
21479.999542 7.260208 -5.307453
21469.999313 7.279654 -5.333128
21459.999084 7.302080 -5.249928
21450.000763 7.387716 -5.244934
21440.000534 7.560230 -5.229347
21430.000305 7.372666 -5.165433
21420.000076 7.192590 -5.291261
21409.999847 7.316884 -5.296800
21399.999619 7.314383 -5.312425
21389.999390 7.356206 -5.316124
21379.999161 7.495959 -5.380046
21370.000839 7.417116 -5.229853
21360.000610 7.388094 -5.211848
21350.000381 7.204484 -5.234140
21340.000153 7.317593 -5.291092
21329.999924 7.254343 -5.259654
21319.999695 7.281847 -5.183100
21309.999466 7.332961 -5.352632
21299.999237 7.214478 -5.184098
21290.000916 7.339398 -5.210116
21280.000687 7.225451 -5.337490
21270.000458 7.272946 -5.390243
21260.000229 7.203576 -5.267938
21250.000000 7.320164 -5.326873
21239.999771 7.206006 -5.294712
21229.999542 7.441554 -5.193900
21219.999313 7.268184 -5.493690
21209.999084 7.195251 -5.411799
21200.000763 7.508144 -5.231705
21190.000534 7.448223 -5.458391
21180.000305 7.221964 -5.314823
21170.000076 7.310580 -5.262483
21159.999847 7.320512 -5.213793
21149.999619 7.152193 -5.270497
21139.999390 7.153285 -5.323608
21129.999161 7.165183 -5.292724
21120.000839 7.281379 -5.224288
21110.000610 7.457120 -5.285916
21100.000381 7.431014 -5.379979
21090.000153 7.261527 -5.405276
21079.999924 7.269449 -5.364009
21069.999695 7.366796 -5.178532
21059.999466 7.380566 -5.314704
21049.999237 7.241577 -5.442739
21040.000916 7.175011 -5.452467
21030.000687 7.309948 -5.339426
21020.000458 7.279735 -5.378752
21010.000229 7.448844 -5.342919
21000.000000 7.412743 -5.274702
20989.999771 7.417795 -5.302070
20979.999542 7.478455 -5.333499
20969.999313 7.415453 -5.270414
20959.999084 7.415333 -5.140699
20950.000763 7.357573 -5.284827
20940.000534 7.251690 -5.320825
20930.000305 7.356646 -5.207823
20920.000076 7.267999 -5.284777
20909.999847 7.191407 -5.369995
20899.999619 7.177778 -5.425593
20889.999390 7.339519 -5.269693
20879.999161 7.187254 -5.325257
20870.000839 7.260106 -5.144284
20860.000610 7.268229 -5.261615
20850.000381 7.094046 -5.412028
20840.000153 7.182037 -5.482411
20829.999924 7.232974 -5.338535
20819.999695 7.131812 -5.438136
20809.999466 7.339562 -5.531199
20799.999237 6.936875 -5.321916
20790.000916 6.863604 -5.310577
20780.000687 7.206230 -5.430661
20770.000458 7.326652 -5.551715
20760.000229 7.213467 -5.389593
20750.000000 7.385852 -5.220139
20739.999771 7.214366 -5.341587
20729.999542 7.111336 -5.262206
20719.999313 7.322360 -5.264683
20709.999084 7.013193 -5.350617
20700.000763 7.121124 -5.403848
20690.000534 7.236924 -5.515740
20680.000305 7.254029 -5.272136
20670.000076 7.337111 -5.417976
20659.999847 7.087801 -5.261542
20649.999619 7.222070 -5.319001
20639.999390 6.875214 -5.350007
20629.999161 7.146944 -5.318695
20620.000839 7.088328 -5.285881
20610.000610 7.137358 -5.418553
20600.000381 7.134736 -5.352153
20590.000153 7.140011 -5.370249
20579.999924 7.155848 -5.404017
20569.999695 7.100152 -5.308834
20559.999466 7.267403 -5.348286
20549.999237 7.223621 -5.633915
20540.000916 7.277223 -5.475495
20530.000687 7.296180 -5.276455
20520.000458 7.003911 -5.308452
20510.000229 7.138521 -5.419123
20500.000000 7.137871 -5.249767
20489.999771 6.977587 -5.325271
20479.999542 7.044676 -5.349145
20469.999313 7.092782 -5.393881
20459.999084 7.231916 -5.205935
20450.000763 7.176866 -5.258968
20440.000534 7.125585 -5.339242
20430.000305 7.126494 -5.335058
20420.000076 7.055949 -5.432046
20409.999847 7.111085 -5.331439
20399.999619 7.013848 -5.400823
20389.999390 7.028678 -5.499704
20379.999161 7.014631 -5.254024
20370.000839 7.083391 -5.252121
20360.000610 7.184204 -5.123868
20350.000381 7.161075 -5.283831
20340.000153 7.102826 -5.440962
20329.999924 7.236817 -5.326718
20319.999695 7.031600 -5.305780
20309.999466 7.195079 -5.277820
20299.999237 7.093249 -5.410821
20290.000916 7.038266 -5.279034
20280.000687 7.047951 -5.426709
20270.000458 7.025597 -5.554146
20260.000229 6.720752 -5.305733
20250.000000 6.825030 -5.349339
20239.999771 7.007435 -5.388880
20229.999542 7.175375 -5.376375
20219.999313 7.289139 -5.226293
20209.999084 7.158655 -5.301589
20200.000763 7.165428 -5.351923
20190.000534 7.183327 -5.302564
20180.000305 7.232568 -5.233073
20170.000076 7.178835 -5.532567
20159.999847 7.124536 -5.440273
20149.999619 7.060013 -5.432294
20139.999390 7.181449 -5.402024
20129.999161 7.042244 -5.312562
20120.000839 6.928722 -5.398831
20110.000610 7.025869 -5.397401
20100.000381 7.298421 -5.481530
20090.000153 7.234162 -5.412366
20079.999924 7.514014 -5.379942
20069.999695 7.143517 -5.359332
20059.999466 7.008751 -5.350094
20049.999237 7.130013 -5.233061
20040.000916 7.185646 -5.314405
20030.000687 7.303273 -5.504589
20020.000458 7.213578 -5.430907
20010.000229 6.943516 -5.328055
20000.000000 7.227152 -5.357288
19989.999771 7.248938 -5.461612
19979.999542 7.217380 -5.369251
19969.999313 7.177501 -5.215556
19959.999084 7.207910 -5.261564
19950.000763 7.234133 -5.306188
19940.000534 7.362936 -5.388516
19930.000305 7.389543 -5.176063
19920.000076 7.140410 -5.269459
19909.999847 7.203906 -5.255339
19899.999619 7.446084 -5.206228
19889.999390 7.467053 -5.397796
19880.001068 7.226859 -5.312759
19870.000839 7.293639 -5.229707
19860.000610 7.194933 -5.161461
19850.000381 7.256558 -5.286820
19840.000153 7.140521 -5.289424
19829.999924 7.386211 -5.269579
19819.999695 7.221244 -5.152477
19809.999466 7.278130 -5.265759
19799.999237 7.524161 -5.354260
19790.000916 7.341384 -5.344053
19780.000687 7.365595 -5.242000
19770.000458 7.274394 -5.444984
19760.000229 7.221622 -5.151933
19750.000000 7.305549 -5.373146
19739.999771 7.518289 -5.467130
19729.999542 7.479406 -5.338728
19719.999313 7.393074 -5.350512
19709.999084 7.155822 -5.427612
19700.000763 7.310334 -5.253712
19690.000534 7.379624 -5.236440
19680.000305 7.359887 -5.348802
19670.000076 7.210691 -5.290738
19659.999847 7.221224 -5.153882
19649.999619 7.465788 -5.300205
19639.999390 7.244861 -5.322550
19630.001068 7.355183 -5.229646
19620.000839 7.328650 -5.338653
19610.000610 7.361164 -5.393184
19600.000381 7.298253 -5.360592
19590.000153 7.472922 -5.295816
19579.999924 7.273096 -5.228742
19569.999695 7.317447 -5.246403
19559.999466 7.357305 -5.363498
19549.999237 7.190792 -5.372165
19540.000916 7.230683 -5.243944
19530.000687 7.081145 -5.334460
19520.000458 7.088220 -5.212979
19510.000229 7.202493 -5.150584
19500.000000 7.233484 -5.389094
19489.999771 7.213790 -5.168840
19479.999542 7.265992 -5.073044
19469.999313 7.411875 -5.415639
19459.999084 7.341829 -5.328790
19450.000763 7.374597 -5.257255
19440.000534 7.323803 -5.338717
19430.000305 7.245001 -5.232257
19420.000076 7.289453 -5.385396
19409.999847 7.155368 -5.511062
19399.999619 7.375736 -5.119028
19389.999390 7.208475 -5.281714
19380.001068 7.321609 -5.240031
19370.000839 7.262464 -5.412988
19360.000610 7.248324 -5.367617
19350.000381 7.367465 -5.351032
19340.000153 7.294286 -5.426025
19329.999924 7.215682 -5.365352
19319.999695 7.029017 -5.275390
19309.999466 7.183064 -5.418722
19299.999237 7.346456 -5.241650
19290.000916 7.331373 -5.221828
19280.000687 7.522130 -5.309340
19270.000458 7.389768 -5.196378
19260.000229 7.252764 -5.138910
19250.000000 7.180010 -5.363972
19239.999771 7.331012 -5.159687
19229.999542 7.384666 -5.259779
19219.999313 7.468544 -5.203541
19209.999084 7.317406 -5.322361
19200.000763 7.246096 -5.299146
19190.000534 7.310731 -5.372541
19180.000305 7.143437 -5.449312
19170.000076 7.246712 -5.169067
19159.999847 7.378111 -5.182962
19149.999619 7.151341 -5.467117
19139.999390 7.115511 -5.249369
19130.001068 7.308064 -5.236879
19120.000839 7.129584 -5.399299
19110.000610 7.201655 -5.253716
19100.000381 7.037220 -5.348917
19090.000153 7.127690 -5.303648
19079.999924 7.319161 -5.385099
19069.999695 7.504997 -5.509417
19059.999466 7.396743 -5.410528
19049.999237 7.419142 -5.477639
19040.000916 7.211247 -5.317498
19030.000687 7.463440 -5.143129
19020.000458 7.329461 -5.364987
19010.000229 7.403739 -5.372175
19000.000000 7.359520 -5.258546
18989.999771 7.401710 -5.247460
18979.999542 7.448507 -5.405558
18969.999313 7.178727 -5.372381
18959.999084 7.134104 -5.309660
18950.000763 7.314682 -5.198571
18940.000534 7.286541 -5.410199
18930.000305 7.251680 -5.243790
18920.000076 7.118649 -5.386544
18909.999847 7.348844 -5.215776
18899.999619 7.361769 -5.332006
18889.999390 7.288994 -5.338177
18880.001068 7.260238 -5.414863
18870.000839 7.306561 -5.452688
18860.000610 7.265491 -5.286665
18850.000381 7.174390 -5.204987
18840.000153 7.349052 -5.293916
18829.999924 7.269738 -5.251267
18819.999695 7.396877 -5.314808
18809.999466 7.320694 -5.260742
18799.999237 7.151778 -5.317676
18790.000916 7.205713 -5.335544
18780.000687 7.202563 -5.159660
18770.000458 7.418853 -5.199865
18760.000229 7.128489 -5.225132
18750.000000 7.277403 -5.500961
18739.999771 7.187000 -5.333870
18729.999542 7.211844 -5.340548
18719.999313 7.227223 -5.375404
18709.999084 7.315573 -5.393771
18700.000763 7.313676 -5.311622
18690.000534 7.344148 -5.356096
18680.000305 7.523522 -5.292594
18670.000076 7.212749 -5.433584
18659.999847 7.363268 -5.394027
18649.999619 7.308156 -5.215767
18639.999390 7.459047 -5.452629
18630.001068 7.424930 -5.413301
18620.000839 7.194504 -5.384157
18610.000610 7.101039 -5.389449
18600.000381 7.368122 -5.321714
18590.000153 7.383217 -5.257267
18579.999924 7.079335 -5.401163
18569.999695 7.214548 -5.273904
18559.999466 7.180953 -5.358218
18549.999237 7.221383 -5.317149
18540.000916 7.249302 -5.127209
18530.000687 7.171285 -5.360758
18520.000458 7.270553 -5.352214
18510.000229 7.108212 -5.356449
18500.000000 7.299841 -5.221887
18489.999771 7.239961 -5.258317
18479.999542 7.241770 -5.313389
18469.999313 7.308353 -5.404865
18459.999084 7.069840 -5.377012
18450.000763 7.254724 -5.311401
18440.000534 7.342970 -5.240372
18430.000305 7.387060 -5.244313
18420.000076 7.551103 -5.411474
18409.999847 7.297598 -5.548918
18399.999619 7.170184 -5.265440
18389.999390 7.262464 -5.133936
18380.001068 7.319078 -5.196367
18370.000839 7.435871 -5.263590
18360.000610 7.284290 -5.282633
18350.000381 7.330682 -5.129978
18340.000153 7.318050 -5.232341
18329.999924 7.203147 -5.214709
18319.999695 7.415007 -5.442455
18309.999466 7.435848 -5.307514
18299.999237 7.379789 -5.269957
18290.000916 7.473794 -5.288397
18280.000687 7.353988 -5.250751
18270.000458 7.302877 -5.282289
18260.000229 7.113203 -5.451243
18250.000000 7.232942 -5.461457
18239.999771 7.039153 -5.329651
18229.999542 7.421648 -5.190726
18219.999313 7.379430 -5.252562
18209.999084 7.283499 -5.277722
18200.000763 7.219150 -5.329552
18190.000534 7.189031 -5.196874
18180.000305 7.107005 -5.330242
18170.000076 7.312915 -5.259266
18159.999847 7.300406 -5.434512
18149.999619 7.201703 -5.369310
18139.999390 7.077746 -5.286197
18130.001068 7.316847 -5.176338
18120.000839 7.315670 -5.435780
18110.000610 7.224632 -5.388188
18100.000381 7.085374 -5.269791
18090.000153 7.210655 -5.271274
18079.999924 7.294362 -5.283281
18069.999695 7.204474 -5.201682
18059.999466 7.000995 -5.344251
18049.999237 7.109065 -5.171543
18040.000916 7.216718 -5.226237
18030.000687 7.222520 -5.261043
18020.000458 7.260767 -5.200908
18010.000229 7.228055 -5.131571
18000.000000 7.189556 -5.230706
17989.999771 7.237789 -5.464602
17979.999542 7.102573 -5.260335
17970.001221 7.018018 -5.228252
17959.999084 7.034095 -5.244360
17950.000763 7.158112 -5.343911
17940.000534 7.228753 -5.274178
17930.000305 7.132394 -5.267907
17920.000076 7.027028 -5.258963
17909.999847 6.958182 -5.420700
17899.999619 7.166843 -5.373237
17889.999390 7.270543 -5.344148
17880.001068 7.073863 -5.339311
17869.998932 7.045079 -5.315229
17860.000610 6.942699 -5.470519
17850.000381 7.171536 -5.398588
17840.000153 7.119567 -5.397086
17829.999924 6.980945 -5.318750
17819.999695 7.155100 -5.384437
17809.999466 7.125431 -5.304913
17799.999237 7.245727 -5.221194
17790.000916 6.902965 -5.353261
17780.000687 7.070967 -5.306618
17770.000458 7.230108 -5.460167
17760.000229 7.285887 -5.447501
17750.000000 7.424247 -5.320555
17739.999771 7.126420 -5.462911
17729.999542 7.186208 -5.303690
17720.001221 6.978755 -5.275546
17709.999084 7.288912 -5.423670
17700.000763 7.239539 -5.288338
17690.000534 7.235650 -5.305298
17680.000305 7.150031 -5.389700
17670.000076 7.123861 -5.140734
17659.999847 7.152324 -5.350257
17649.999619 7.228968 -5.517022
17639.999390 7.224241 -5.416969
17630.001068 7.015823 -5.324004
17619.998932 7.152920 -5.510540
17610.000610 7.223065 -5.464403
17600.000381 6.936811 -5.420642
17590.000153 7.089088 -5.313348
17579.999924 7.186943 -5.360820
17569.999695 7.177308 -5.451771
17559.999466 7.376786 -5.477432
17549.999237 7.122813 -5.376687
17540.000916 6.876224 -5.319708
17530.000687 7.183342 -5.355143
17520.000458 7.046916 -5.387209
17510.000229 7.242586 -5.261465
17500.000000 7.260221 -5.337785
17489.999771 7.340955 -5.277027
17479.999542 7.397673 -5.256167
17470.001221 7.377722 -5.264487
17459.999084 7.190908 -5.372103
17450.000763 7.332574 -5.501275
17440.000534 7.351178 -5.370213
17430.000305 7.198183 -5.282259
17420.000076 6.976785 -5.437473
17409.999847 7.143503 -5.346093
17399.999619 7.069996 -5.450819
17389.999390 7.442523 -5.388463
17380.001068 7.152576 -5.454543
17369.998932 7.304888 -5.305620
17360.000610 7.335903 -5.402406
17350.000381 7.313092 -5.353665
17340.000153 7.367500 -5.459848
17329.999924 7.321948 -5.257069
17319.999695 7.349411 -5.364523
17309.999466 7.139538 -5.265311
17299.999237 7.277828 -5.212647
17290.000916 7.207164 -5.363077
17280.000687 7.261978 -5.341030
17270.000458 7.216765 -5.412257
17260.000229 7.124595 -5.304123
17250.000000 7.285140 -5.222152
17239.999771 7.171752 -5.327652
17229.999542 7.186613 -5.404582
17220.001221 7.467820 -5.343911
17209.999084 7.204091 -5.437919
17200.000763 7.244888 -5.326888
17190.000534 7.163490 -5.247614
17180.000305 7.175475 -5.395517
17170.000076 7.310186 -5.450915
17159.999847 7.475770 -5.404595
17149.999619 7.233771 -5.405378
17139.999390 7.268824 -5.320449
17130.001068 7.284256 -5.276214
17119.998932 7.194745 -5.385115
17110.000610 7.308797 -5.388498
17100.000381 7.218556 -5.245370
17090.000153 7.268535 -5.530868
17079.999924 7.184847 -5.380222
17069.999695 7.310291 -5.304487
17059.999466 7.425066 -5.314373
17049.999237 7.404342 -5.454664
17040.000916 7.271674 -5.183651
17030.000687 7.300030 -5.300574
17020.000458 7.271463 -5.314186
17010.000229 7.380637 -5.435808
17000.000000 7.313080 -5.253822
16989.999771 7.229948 -5.224446
16979.999542 7.114785 -5.473766
16970.001221 7.077817 -5.332219
16959.999084 7.352738 -5.478001
16950.000763 7.392433 -5.417070
16940.000534 7.239123 -5.189881
16930.000305 7.478140 -5.348230
16920.000076 7.410021 -5.131330
16909.999847 7.336565 -5.305770
16899.999619 7.162056 -5.282724
16889.999390 7.272735 -5.324098
16880.001068 7.304633 -5.225208
16869.998932 7.225817 -5.283139
16860.000610 7.261336 -5.343664
16850.000381 7.261683 -5.203892
16840.000153 7.310598 -5.272190
16829.999924 7.398559 -5.361501
16819.999695 7.338516 -5.376703
16809.999466 7.174019 -5.284386
16799.999237 7.366951 -5.203538
16790.000916 7.410276 -5.427459
16780.000687 7.249702 -5.212308
16770.000458 7.403012 -5.322589
16760.000229 7.406370 -5.319436
16750.000000 7.157729 -5.087315
16739.999771 7.213569 -5.043148
16729.999542 7.404226 -5.276665
16720.001221 7.416119 -5.311792
16709.999084 7.228596 -5.300461
16700.000763 7.405974 -5.224019
16690.000534 7.383426 -5.307331
16680.000305 7.309949 -5.342231
16670.000076 7.338536 -5.168496
16659.999847 7.327912 -5.267643
16649.999619 7.207282 -5.043587
16639.999390 7.325588 -5.154623
16630.001068 7.093140 -5.169127
16619.998932 7.390424 -5.171703
16610.000610 7.482184 -5.287606
16600.000381 7.396142 -5.264127
16590.000153 7.530759 -5.081237
16579.999924 7.525926 -5.127624
16569.999695 7.474434 -5.127275
16559.999466 7.468821 -5.174687
16549.999237 7.096015 -5.172552
16540.000916 7.356878 -5.034920
16530.000687 7.336983 -4.990674
16520.000458 7.380371 -5.119483
16510.000229 7.291819 -5.209688
16500.000000 7.224079 -5.134059
16489.999771 7.467632 -5.113696
16479.999542 7.336850 -5.090413
16470.001221 7.266509 -5.202017
16459.999084 7.441360 -5.032670
16450.000763 7.480109 -5.071957
16440.000534 7.535909 -5.172424
16430.000305 7.449219 -5.085133
16420.000076 7.669553 -5.256739
16409.999847 7.479540 -5.054534
16399.999619 7.538603 -5.095873
16389.999390 7.481334 -5.105968
16380.001068 7.507636 -5.103553
16370.000839 7.356222 -5.155188
16360.000610 7.374916 -5.038437
16350.000381 7.526261 -5.138053
16340.000153 7.530793 -5.084386
16329.999924 7.546864 -5.148680
16319.999695 7.670298 -5.129513
16309.999466 7.527840 -5.079757
16299.999237 7.472171 -5.189555
16290.000916 7.714208 -5.078890
16280.000687 7.594717 -4.965196
16270.000458 7.554838 -5.053024
16260.000229 7.571427 -5.148804
16250.000000 7.601814 -5.083265
16239.999771 7.523270 -4.884319
16229.999542 7.756413 -4.968821
16220.001221 7.635044 -5.057435
16209.999084 7.830710 -5.079229
16200.000763 7.754730 -4.760697
16190.000534 7.637807 -4.978403
16180.000305 7.726788 -4.863982
16170.000076 7.664438 -4.950739
16159.999847 7.696416 -4.987992
16149.999619 7.782355 -5.141484
16139.999390 7.807807 -4.988970
16130.001068 7.566650 -4.992425
16120.000839 7.588839 -5.022808
16110.000610 7.759471 -4.829678
16100.000381 7.868150 -4.857681
16090.000153 7.796511 -4.989164
16079.999924 7.957408 -5.093007
16069.999695 7.989144 -4.953058
16059.999466 8.009890 -4.891468
16049.999237 8.032248 -4.716420
16040.000916 8.030522 -4.857809
16030.000687 7.982553 -4.849351
16020.000458 7.757386 -4.858350
16010.000229 7.580066 -4.836950
16000.000000 7.805434 -5.018981
15989.999771 8.027361 -4.925801
15979.999542 7.992464 -4.865011
15970.000267 7.776508 -4.781628
15960.000038 7.912714 -4.849525
15950.000763 7.798349 -4.835002
15940.000534 7.856306 -4.773601
15930.000305 7.847979 -4.839413
15920.000076 7.664657 -4.770131
15909.999847 7.905618 -4.746838
15899.999619 7.818921 -4.795423
15890.000343 8.085977 -4.733235
15880.000114 7.822378 -4.855969
15870.000839 7.878274 -4.703715
15860.000610 7.857663 -4.815060
15850.000381 7.881696 -4.785806
15840.000153 8.027317 -4.608908
15829.999924 7.817248 -4.692653
15819.999695 7.966494 -4.640812
15809.999466 7.914792 -4.750071
15800.000191 8.032929 -4.615052
15789.999962 7.889234 -4.706695
15780.000687 7.908178 -4.661573
15770.000458 8.249938 -4.566338
15760.000229 7.951926 -4.558165
15750.000000 8.068767 -4.557298
15739.999771 8.087776 -4.615972
15729.999542 8.103409 -4.738107
15720.000267 7.878948 -4.620095
15710.000038 7.965424 -4.620016
15700.000763 8.101645 -4.532543
15690.000534 7.924502 -4.802005
15680.000305 7.955561 -4.541336
15670.000076 7.993785 -4.707826
15659.999847 8.351447 -4.632273
15649.999619 8.073327 -4.676050
15640.000343 8.067645 -4.805514
15630.000114 8.263510 -4.628813
15620.000839 8.145597 -4.473623
15610.000610 8.144196 -4.548205
15600.000381 8.207424 -4.561467
15590.000153 8.213431 -4.563036
15579.999924 8.277315 -4.485119
15569.999695 8.052738 -4.433162
15559.999466 8.338947 -4.512363
15550.000191 8.073339 -4.630878
15539.999962 8.092681 -4.607832
15530.000687 8.232652 -4.539062
15520.000458 8.328006 -4.630762
15510.000229 8.283303 -4.423730
15500.000000 8.194973 -4.414503
15489.999771 8.161659 -4.475625
15479.999542 8.116147 -4.387212
15470.000267 8.191452 -4.443411
15460.000038 8.271827 -4.390346
15450.000763 8.222868 -4.393415
15440.000534 8.369477 -4.485297
15430.000305 8.193981 -4.523217
15420.000076 8.333956 -4.451302
15409.999847 8.398875 -4.362039
15399.999619 8.253238 -4.401990
15390.000343 8.402473 -4.405781
15380.000114 8.262960 -4.335820
15370.000839 8.470414 -4.478932
15360.000610 8.396358 -4.301858
15350.000381 8.381228 -4.323883
15340.000153 8.220768 -4.401768
15329.999924 8.335160 -4.334519
15319.999695 8.325881 -4.248895
15309.999466 8.329643 -4.257913
15300.000191 8.457895 -4.381025
15289.999962 8.416704 -4.326881
15280.000687 8.575008 -4.239369
15270.000458 8.484424 -4.280485
15260.000229 8.272870 -4.296075
15250.000000 8.377432 -4.285955
15239.999771 8.547581 -4.253532
15229.999542 8.379321 -4.299714
15220.000267 8.393558 -4.151128
15210.000038 8.290435 -4.232961
15200.000763 8.499618 -4.392620
15190.000534 8.530962 -4.298930
15180.000305 8.417077 -4.270494
15170.000076 8.551796 -4.165245
15159.999847 8.558784 -4.222063
15149.999619 8.522210 -4.370863
15140.000343 8.766258 -4.063845
15130.000114 8.574340 -4.161607
15120.000839 8.544184 -4.313689
15110.000610 8.608217 -4.317752
15100.000381 8.552851 -4.157122
15090.000153 8.590378 -4.154817
15079.999924 8.572625 -4.044018
15069.999695 8.380961 -4.243076
15059.999466 8.387578 -4.204122
15050.000191 8.485605 -4.213842
15039.999962 8.459391 -4.100965
15030.000687 8.588915 -4.064786
15020.000458 8.412152 -4.131082
15010.000229 8.589037 -4.244788
15000.000000 8.531195 -4.327583
14989.999771 8.658880 -4.280183
14979.999542 8.683080 -4.115890
14970.000267 8.534831 -4.072275
14960.000038 8.517598 -4.134261
14950.000763 8.601840 -4.275306
14940.000534 8.610718 -4.167807
14930.000305 8.631516 -4.291832
14920.000076 8.544432 -4.100648
14909.999847 8.728379 -4.113293
14899.999619 8.649074 -4.282196
14890.000343 8.558283 -4.274547
14880.000114 8.611073 -4.259206
14870.000839 8.671509 -4.138706
14860.000610 8.817636 -4.339100
14850.000381 8.744268 -4.265525
14840.000153 8.648411 -4.129290
14829.999924 8.667473 -4.239239
14819.999695 8.689435 -4.123521
14809.999466 8.630147 -4.088265
14800.000191 8.576182 -4.083907
14789.999962 8.689193 -4.162122
14780.000687 8.687999 -4.047557
14770.000458 8.642863 -4.234206
14760.000229 8.654860 -4.110336
14750.000000 8.769962 -4.109468
14739.999771 8.689628 -4.048590
14729.999542 8.695413 -3.901915
14720.000267 8.955895 -4.076041
14710.000038 8.778794 -4.020649
14700.000763 9.006669 -4.016060
14690.000534 8.804721 -3.978526
14680.000305 8.801946 -3.974315
14670.000076 8.748738 -4.078188
14659.999847 8.572475 -3.979546
14649.999619 8.731211 -4.023825
14640.000343 8.769757 -3.954775
14630.000114 8.887906 -3.894192
14620.000839 8.806818 -3.847772
14610.000610 8.779404 -3.972439
14600.000381 8.956616 -3.916655
14590.000153 8.798840 -4.012157
14579.999924 8.953070 -4.033036
14569.999695 8.818697 -3.897063
14559.999466 8.654276 -4.089951
14550.000191 8.856360 -3.955190
14539.999962 8.960048 -3.945710
14530.000687 8.865309 -3.785496
14520.000458 9.024000 -3.928404
14510.000229 8.848227 -3.890768
14500.000000 8.896625 -3.998200
14489.999771 9.005435 -3.849437
14479.999542 8.976591 -3.917661
14470.000267 9.052287 -3.688565
14460.000038 8.995760 -3.997561
14450.000763 8.885673 -3.880170
14440.000534 9.093084 -3.809469
14430.000305 8.991633 -3.818406
14420.000076 9.100632 -3.764621
14409.999847 9.040359 -3.718690
14399.999619 9.171579 -3.804271
14390.000343 9.103707 -3.769710
14380.000114 9.192725 -3.820120
14370.000839 9.217292 -3.695119
14360.000610 8.993998 -3.769189
14350.000381 9.304850 -3.806898
14340.000153 9.082740 -3.718110
14329.999924 9.251459 -3.670721
14319.999695 9.316952 -3.855530
14309.999466 9.150204 -3.658911
14300.000191 9.236463 -3.726030
14289.999962 9.333589 -3.550590
14280.000687 9.264059 -3.775835
14270.000458 9.313376 -3.655093
14260.000229 9.205263 -3.751251
14250.000000 9.234137 -3.696529
14239.999771 9.241591 -3.824037
14229.999542 9.238779 -3.815963
14220.000267 9.147637 -3.642392
14210.000038 9.359518 -3.695419
14200.000763 9.292796 -3.758093
14190.000534 9.345009 -3.855550
14180.000305 9.270397 -3.776780
14170.000076 9.181321 -3.711796
14159.999847 9.288889 -3.731945
14149.999619 9.155990 -3.761937
14140.000343 9.321984 -3.717394
14130.000114 9.287751 -3.627874
14120.000839 9.128167 -3.666186
14110.000610 9.194106 -3.725807
14100.000381 9.133158 -3.639673
14090.000153 9.313841 -3.657530
14079.999924 9.331472 -3.719843
14069.999695 9.345381 -3.693977
14059.999466 9.443198 -3.559628
14050.000191 9.166939 -3.566226
14039.999962 9.162320 -3.629038
14030.000687 9.303245 -3.742060
14020.000458 9.425676 -3.545713
14010.000229 9.396883 -3.668796
14000.000000 9.164746 -3.643616
13989.999771 9.234115 -3.652329
13980.000496 9.409062 -3.657566
13970.000267 9.430474 -3.762448
13960.000038 9.416482 -3.763611
13949.999809 9.486900 -3.515485
13940.000534 9.343939 -3.577458
13930.000305 9.292653 -3.585416
13920.000076 9.418058 -3.571212
13909.999847 9.432444 -3.560362
13900.000572 9.454038 -3.717995
13890.000343 9.341724 -3.530708
13880.000114 9.269878 -3.550016
13869.999886 9.410088 -3.436245
13860.000610 9.398276 -3.434460
13850.000381 9.454127 -3.568994
13840.000153 9.488898 -3.462775
13829.999924 9.562119 -3.378854
13820.000648 9.504366 -3.481181
13810.000420 9.572968 -3.414428
13800.000191 9.507460 -3.494091
13789.999962 9.494444 -3.333095
13779.999733 9.416369 -3.439392
13770.000458 9.505629 -3.512513
13760.000229 9.495300 -3.365295
13750.000000 9.540608 -3.482052
13739.999771 9.642908 -3.428723
13730.000496 9.597602 -3.364647
13720.000267 9.574599 -3.456317
13710.000038 9.396762 -3.382984
13699.999809 9.583934 -3.368699
13690.000534 9.582626 -3.461215
13680.000305 9.412589 -3.437838
13670.000076 9.577823 -3.443340
13659.999847 9.664960 -3.518398
13650.000572 9.554837 -3.425951
13640.000343 9.581092 -3.389240
13630.000114 9.503087 -3.488960
13619.999886 9.401373 -3.406315
13610.000610 9.410089 -3.547261
13600.000381 9.570494 -3.412037
13590.000153 9.437970 -3.270594
13579.999924 9.470589 -3.262359
13570.000648 9.502912 -3.572729
13560.000420 9.576602 -3.376254
13550.000191 9.572745 -3.191197
13539.999962 9.608608 -3.406623
13529.999733 9.520425 -3.358494
13520.000458 9.634308 -3.371654
13510.000229 9.666895 -3.394262
13500.000000 9.621434 -3.381139
13489.999771 9.644704 -3.364274
13480.000496 9.705018 -3.414147
13470.000267 9.659362 -3.287327
13460.000038 9.720837 -3.332176
13449.999809 9.578930 -3.266153
13440.000534 9.802422 -3.330304
13430.000305 9.755441 -3.405568
13420.000076 9.576946 -3.360919
13409.999847 9.512077 -3.457537
13400.000572 9.516778 -3.344117
13390.000343 9.637281 -3.226763
13380.000114 9.659843 -3.265485
13369.999886 9.578136 -3.384504
13360.000610 9.712997 -3.415849
13350.000381 9.639393 -3.433975
13340.000153 9.716441 -3.199191
13329.999924 9.573827 -3.305969
13320.000648 9.637090 -3.329724
13310.000420 9.497676 -3.242041
13300.000191 9.597534 -3.291493
13289.999962 9.589462 -3.192825
13279.999733 9.697261 -3.455195
13270.000458 9.707201 -3.342826
13260.000229 9.638189 -3.271585
13250.000000 9.610841 -3.336509
13239.999771 9.403631 -3.372889
13230.000496 9.509988 -3.318658
13220.000267 9.540731 -3.255775
13210.000038 9.667027 -3.347956
13199.999809 9.606212 -3.367773
13190.000534 9.709363 -3.245740
13180.000305 9.709747 -3.400850
13170.000076 9.572601 -3.240750
13159.999847 9.702267 -3.328041
13150.000572 9.670052 -3.244482
13140.000343 9.638220 -3.341844
13130.000114 9.605290 -3.265734
13119.999886 9.681303 -3.373225
13110.000610 9.532882 -3.285237
13100.000381 9.771372 -3.262727
13090.000153 9.555724 -3.331534
13079.999924 9.807109 -3.329755
13070.000648 9.758623 -3.300935
13060.000420 9.685049 -3.239912
13050.000191 9.722723 -3.247079
13039.999962 9.760485 -3.312077
13029.999733 9.658101 -3.240673
13020.000458 9.660559 -3.284129
13010.000229 9.756582 -3.244581
13000.000000 9.637958 -3.317771
12989.999771 9.649631 -3.304503
12980.000496 9.634418 -3.205211
12970.000267 9.623491 -3.205953
12960.000038 9.761036 -3.382698
12949.999809 9.770715 -3.221580
12940.000534 9.517385 -3.278011
12930.000305 9.711647 -3.264597
12920.000076 9.614766 -3.169277
12909.999847 9.548400 -3.338895
12900.000572 9.539451 -3.139129
12890.000343 9.698261 -3.331023
12880.000114 9.742141 -3.331791
12869.999886 9.720969 -3.375178
12860.000610 9.683587 -3.308223
12850.000381 9.713618 -3.324213
12840.000153 9.774907 -3.215071
12829.999924 9.765003 -3.287215
12820.000648 9.698443 -3.296609
12810.000420 9.624009 -3.257649
12800.000191 9.597613 -3.230401
12789.999962 9.680802 -3.384289
12779.999733 9.528557 -3.344504
12770.000458 9.749465 -3.286529
12760.000229 9.647514 -3.133889
12750.000000 9.686066 -3.336068
12739.999771 9.607728 -3.441701
12730.000496 9.636000 -3.278767
12720.000267 9.645346 -3.345413
12710.000038 9.602016 -3.412831
12699.999809 9.513648 -3.425732
12690.000534 9.570182 -3.293854
12680.000305 9.671959 -3.284985
12670.000076 9.567114 -3.353293
12659.999847 9.759880 -3.466362
12650.000572 9.635136 -3.405147
12640.000343 9.617156 -3.364845
12630.000114 9.548558 -3.467583
12619.999886 9.541444 -3.402637
12610.000610 9.562571 -3.473365
12600.000381 9.546506 -3.462235
12590.000153 9.578902 -3.316641
12579.999924 9.517168 -3.536524
12570.000648 9.425254 -3.641091
12560.000420 9.358145 -3.389052
12550.000191 9.441613 -3.451309
12539.999962 9.450221 -3.508796
12530.000687 9.631913 -3.527515
12520.000458 9.555751 -3.473516
12510.000229 9.520716 -3.557493
12500.000000 9.429887 -3.650468
12489.999771 9.434607 -3.621774
12480.000496 9.461473 -3.576496
12470.000267 9.432859 -3.460976
12460.000038 9.354150 -3.622873
12449.999809 9.334006 -3.592295
12440.000534 9.631289 -3.454505
12430.000305 9.561428 -3.523564
12420.000076 9.451359 -3.765736
12409.999847 9.288658 -3.563596
12400.000572 9.465915 -3.693087
12390.000343 9.416829 -3.560083
12380.000114 9.489976 -3.609167
12369.999886 9.526590 -3.440258
12360.000610 9.514609 -3.625053
12350.000381 9.416002 -3.523240
12340.000153 9.207745 -3.576950
12329.999924 9.352579 -3.660611
12320.000648 9.667444 -3.680104
12310.000420 9.564707 -3.612418
12300.000191 9.485252 -3.578895
12289.999962 9.432364 -3.568635
12280.000687 9.408300 -3.699513
12270.000458 9.462961 -3.482126
12260.000229 9.360199 -3.409755
12250.000000 9.410277 -3.805444
12239.999771 9.525949 -3.698932
12230.000496 9.508080 -3.590843
12220.000267 9.547890 -3.745672
12210.000038 9.451342 -3.651976
12199.999809 9.459233 -3.518604
12190.000534 9.428629 -3.582641
12180.000305 9.539957 -3.685430
12170.000076 9.468374 -3.705589
12159.999847 9.529894 -3.557012
12150.000572 9.476507 -3.366298
12140.000343 9.375214 -3.598704
12130.000114 9.531682 -3.490478
12119.999886 9.383794 -3.568411
12110.000610 9.396939 -3.704181
12100.000381 9.452329 -3.561132
12090.000153 9.486842 -3.550882
12079.999924 9.210188 -3.660792
12070.000648 9.430610 -3.658986
12060.000420 9.255257 -3.552422
12050.000191 9.469228 -3.548566
12039.999962 9.500034 -3.694626
12030.000687 9.400213 -3.590579
12020.000458 9.436716 -3.533653
12010.000229 9.267955 -3.633752
12000.000000 9.295655 -3.559805
11989.999771 9.466477 -3.517029
11980.000496 9.580920 -3.601860
11970.000267 9.426474 -3.454203
11960.000038 9.625979 -3.513464
11949.999809 9.573035 -3.478085
11940.000534 9.505913 -3.428338
11930.000305 9.608096 -3.436546
11920.000076 9.461919 -3.369066
11909.999847 9.602662 -3.352341
11900.000572 9.406949 -3.369086
11890.000343 9.557754 -3.369605
11880.000114 9.522097 -3.371780
11869.999886 9.458870 -3.462321
11860.000610 9.653362 -3.460452
11850.000381 9.296697 -3.348914
11840.000153 9.522468 -3.563834
11829.999924 9.520615 -3.432290
11820.000648 9.361410 -3.449647
11810.000420 9.566027 -3.367964
11800.000191 9.571975 -3.412593
11789.999962 9.561800 -3.378531
11780.000687 9.764152 -3.307156
11770.000458 9.759763 -3.456278
11760.000229 9.824464 -3.334715
11750.000000 9.756750 -3.475678
11739.999771 9.591514 -3.487223
11730.000496 9.659335 -3.270976
11720.000267 9.741919 -3.330200
11710.000038 9.710502 -3.431712
11699.999809 9.745853 -3.450715
11690.000534 9.704863 -3.374997
11680.000305 9.864113 -3.298388
11670.000076 9.719052 -3.452797
11659.999847 9.619382 -3.147646
11650.000572 9.694827 -3.273026
11640.000343 9.589432 -3.171715
11630.000114 9.624639 -3.233503
11619.999886 9.609997 -3.197779
11610.000610 9.601774 -3.207669
11600.000381 9.834318 -3.173887
11590.000153 9.858241 -3.231735
11579.999924 9.913735 -3.182988
11570.000648 9.811973 -3.192551
11560.000420 9.714077 -3.095286
11550.000191 9.889152 -3.276202
11539.999962 9.884740 -3.183008
11530.000687 9.799220 -3.315590
11520.000458 9.824434 -3.185704
11510.000229 9.895126 -3.268238
11500.000000 10.048381 -3.171718
11489.999771 10.052005 -3.182656
11480.000496 9.961066 -3.107322
11470.000267 10.103132 -2.978946
11460.000038 9.867607 -2.983199
11449.999809 9.886716 -3.046595
11440.000534 9.980417 -3.035513
11430.000305 9.855191 -2.931504
11420.000076 9.892115 -2.912944
11409.999847 9.914952 -2.866676
11400.000572 9.942620 -2.910702
11390.000343 9.901827 -2.943158
11380.000114 9.946866 -2.903887
11369.999886 9.896240 -2.909305
11360.000610 10.029952 -3.064231
11350.000381 10.160704 -2.850774
11340.000153 10.007155 -2.807934
11329.999924 10.126346 -2.944876
11320.000648 10.078310 -2.781360
11310.000420 10.147806 -3.004435
11300.000191 9.898716 -2.883697
11289.999962 10.136887 -2.845047
11280.000687 10.114709 -2.897648
11270.000458 10.260863 -2.687260
11260.000229 10.042806 -2.972265
11250.000000 10.200294 -2.965410
11239.999771 10.228798 -2.811387
11230.000496 10.256724 -2.962165
11220.000267 10.196666 -2.778099
11210.000038 10.181025 -2.784072
11199.999809 10.214935 -2.728724
11190.000534 10.244629 -2.849946
11180.000305 10.206974 -2.841398
11170.000076 10.243360 -2.718055
11159.999847 10.293133 -2.663402
11150.000572 10.277603 -2.794998
11140.000343 10.211677 -2.666955
11130.000114 10.199779 -2.839405
11119.999886 10.165747 -2.773041
11110.000610 10.204848 -2.814595
11100.000381 10.193730 -2.802778
11090.000153 10.274888 -2.703965
11079.999924 10.121883 -2.642138
11070.000648 10.231592 -2.680225
11060.000420 10.147540 -2.765104
11050.000191 10.313776 -2.739718
11039.999962 10.240033 -2.643185
11030.000687 10.164050 -2.634482
11020.000458 10.198359 -2.559520
11010.000229 10.329743 -2.580893
11000.000000 10.310176 -2.664078
10989.999771 10.442121 -2.694897
10980.000496 10.276408 -2.634882
10970.000267 10.208317 -2.685923
10960.000038 10.258129 -2.578398
10949.999809 10.184168 -2.465384
10940.000534 10.382505 -2.578198
10930.000305 10.422038 -2.680906
10920.000076 10.185441 -2.629983
10909.999847 10.233823 -2.705508
10900.000572 10.198780 -2.549343
10890.000343 10.303989 -2.594097
10880.000114 10.274500 -2.569637
10869.999886 10.244582 -2.672222
10860.000610 10.405806 -2.516535
10850.000381 10.256534 -2.625510
10840.000153 10.328654 -2.734063
10829.999924 10.341331 -2.727083
10820.000648 10.181253 -2.511821
10810.000420 10.239560 -2.581335
10800.000191 10.271932 -2.615604
10789.999962 10.379243 -2.569759
10780.000687 10.282279 -2.512451
10770.000458 10.309808 -2.346336
10760.000229 10.092562 -2.554856
10750.000000 10.215755 -2.485002
10740.000725 10.112142 -2.518369
10730.000496 10.409221 -2.657842
10720.000267 10.313022 -2.545129
10710.000038 10.326445 -2.594382
10699.999809 10.300611 -2.450834
10690.000534 10.378876 -2.692922
10680.000305 10.251007 -2.626850
10670.000076 10.356796 -2.435345
10659.999847 10.407842 -2.578666
10650.000572 10.376045 -2.682707
10640.000343 10.388681 -2.586808
10630.000114 10.258050 -2.607459
10619.999886 10.281189 -2.500158
10610.000610 10.299396 -2.659572
10600.000381 10.354157 -2.510641
10590.000153 10.353513 -2.378795
10579.999924 10.304015 -2.633756
10570.000648 10.319538 -2.509772
10560.000420 10.406030 -2.381849
10550.000191 10.331460 -2.681695
10539.999962 10.402755 -2.547165
10530.000687 10.215265 -2.508258
10520.000458 10.302923 -2.611843
10510.000229 10.261928 -2.405370
10500.000000 10.413427 -2.466589
10490.000725 10.226256 -2.364390
10480.000496 10.297562 -2.493181
10470.000267 10.269735 -2.514638
10460.000038 10.136632 -2.441076
10449.999809 10.339419 -2.470171
10440.000534 10.438441 -2.570062
10430.000305 10.394610 -2.395402
10420.000076 10.490234 -2.411666
10409.999847 10.391943 -2.414925
10400.000572 10.416835 -2.520577
10390.000343 10.483284 -2.437942
10380.000114 10.378130 -2.461861
10369.999886 10.413415 -2.467210
10360.000610 10.342823 -2.490415
10350.000381 10.385882 -2.333511
10340.000153 10.499249 -2.362539
10329.999924 10.410662 -2.467998
10320.000648 10.455558 -2.486245
10310.000420 10.376209 -2.240707
10300.000191 10.408676 -2.328873
10289.999962 10.331065 -2.395204
10280.000687 10.408718 -2.388983
10270.000458 10.409361 -2.392746
10260.000229 10.449648 -2.468821
10250.000000 10.361420 -2.428353
10240.000725 10.401840 -2.354935
10230.000496 10.593481 -2.404916
10220.000267 10.350443 -2.473450
10210.000038 10.332835 -2.437455
10199.999809 10.408678 -2.279316
10190.000534 10.405642 -2.345926
10180.000305 10.513925 -2.434139
10170.000076 10.495601 -2.379965
10159.999847 10.562616 -2.200530
10150.000572 10.473042 -2.409699
10140.000343 10.415527 -2.471612
10130.000114 10.493446 -2.360742
10119.999886 10.378411 -2.482539
10110.000610 10.402777 -2.182047
10100.000381 10.494476 -2.309399
10090.000153 10.372099 -2.413909
10079.999924 10.389323 -2.361309
10070.000648 10.301495 -2.532306
10060.000420 10.412631 -2.484967
10050.000191 10.382850 -2.386444
10039.999962 10.326887 -2.559442
10030.000687 10.353600 -2.371075
10020.000458 10.313712 -2.135275
10010.000229 10.343707 -2.436358
10000.000000 10.436245 -2.416472
9990.000725 10.412014 -2.186944
9980.000496 10.444864 -2.659974
9970.000267 10.392634 -2.518095
9960.000038 10.399484 -2.439723
9949.999809 10.358565 -2.327354
9940.000534 10.350581 -2.466600
9930.000305 10.387774 -2.326797
9920.000076 10.453198 -2.525826
9909.999847 10.400079 -2.573313
9900.000572 10.471170 -2.327582
9890.000343 10.441716 -2.513352
9880.000114 10.429898 -2.397536
9869.999886 10.365808 -2.282668
9860.000610 10.322425 -2.336236
9850.000381 10.333671 -2.409794
9840.000153 10.479741 -2.294833
9829.999924 10.314662 -2.441647
9820.000648 10.286405 -2.453525
9810.000420 10.298761 -2.537911
9800.000191 10.247918 -2.471646
9789.999962 10.296911 -2.348040
9780.000687 10.433797 -2.459403
9770.000458 10.326372 -2.376904
9760.000229 10.527532 -2.423371
9750.000000 10.454686 -2.287317
9740.000725 10.396258 -2.311289
9730.000496 10.426189 -2.213623
9720.000267 10.388352 -2.450499
9710.000038 10.487691 -2.462273
9699.999809 10.481008 -2.547962
9690.000534 10.406827 -2.458299
9680.000305 10.527227 -2.388623
9670.000076 10.421474 -2.435826
9659.999847 10.370206 -2.370490
9650.000572 10.393897 -2.408533
9640.000343 10.440767 -2.420038
9630.000114 10.432447 -2.434496
9619.999886 10.440345 -2.277911
9610.000610 10.509525 -2.347599
9600.000381 10.630743 -2.443944
9590.000153 10.429212 -2.264496
9579.999924 10.430579 -2.280508
9570.000648 10.445156 -2.410586
9560.000420 10.458426 -2.392409
9550.000191 10.352692 -2.410066
9539.999962 10.516783 -2.446777
9530.000687 10.440861 -2.357525
9520.000458 10.296433 -2.434568
9510.000229 10.231564 -2.578529
9500.000000 10.442751 -2.296657
9490.000725 10.230326 -2.340052
9480.000496 10.268351 -2.329285
9470.000267 10.326223 -2.417747
9460.000038 10.350278 -2.432265
9449.999809 10.399882 -2.441792
9440.000534 10.476010 -2.441500
9430.000305 10.459955 -2.406633
9420.000076 10.557731 -2.378705
9409.999847 10.347754 -2.555853
9400.000572 10.296044 -2.378037
9390.000343 10.518720 -2.451040
9380.000114 10.427869 -2.371315
9369.999886 10.403907 -2.334490
9360.000610 10.267918 -2.320021
9350.000381 10.260043 -2.551049
9340.000153 10.342401 -2.315937
9329.999924 10.363666 -2.359701
9320.000648 10.385767 -2.418313
9310.000420 10.444367 -2.475191
9300.000191 10.327162 -2.538277
9289.999962 10.308613 -2.457598
9280.000687 10.477754 -2.431873
9270.000458 10.303564 -2.449567
9260.000229 10.380229 -2.364138
9250.000000 10.385353 -2.414035
9240.000725 10.524866 -2.509687
9230.000496 10.418627 -2.475846
9220.000267 10.491348 -2.441612
9210.000038 10.374432 -2.433807
9200.000763 10.226071 -2.414698
9190.000534 10.238181 -2.402842
9180.000305 10.121283 -2.585049
9170.000076 10.361210 -2.349749
9159.999847 10.381226 -2.469453
9150.000572 10.304918 -2.382901
9140.000343 10.409724 -2.374164
9130.000114 10.388537 -2.402477
9119.999886 10.397716 -2.487077
9110.000610 10.452247 -2.362451
9100.000381 10.412157 -2.530006
9090.000153 10.355801 -2.409815
9079.999924 10.364860 -2.575909
9070.000648 10.289363 -2.463451
9060.000420 10.284152 -2.359074
9050.000191 10.360840 -2.540892
9039.999962 10.374180 -2.405967
9030.000687 10.448215 -2.475313
9020.000458 10.311749 -2.482975
9010.000229 10.194037 -2.498700
9000.000000 10.447844 -2.326279
8990.000725 10.386732 -2.419009
8980.000496 10.450251 -2.336341
8970.000267 10.360820 -2.544593
8960.000038 10.403393 -2.451278
8950.000763 10.373481 -2.330566
8940.000534 10.370730 -2.458630
8930.000305 10.336258 -2.396817
8920.000076 10.343599 -2.498711
8909.999847 10.405453 -2.359727
8900.000572 10.201673 -2.344288
8890.000343 10.243497 -2.549536
8880.000114 10.339613 -2.475534
8869.999886 10.211669 -2.352249
8860.000610 10.345099 -2.367765
8850.000381 10.189451 -2.487201
8840.000153 10.498254 -2.415235
8829.999924 10.289618 -2.524718
8820.000648 10.265966 -2.483085
8810.000420 10.277205 -2.555333
8800.000191 10.211543 -2.732002
8789.999962 10.268593 -2.525417
8780.000687 10.184660 -2.444054
8770.000458 10.198259 -2.470724
8760.000229 10.204696 -2.563141
8750.000000 10.364771 -2.424624
8740.000725 10.343381 -2.395211
8730.000496 10.221553 -2.505426
8720.000267 10.235013 -2.608161
8710.000038 10.100462 -2.513818
8700.000763 10.255399 -2.458574
8690.000534 10.356707 -2.539406
8680.000305 10.393928 -2.458939
8670.000076 10.437046 -2.516685
8659.999847 10.383738 -2.610677
8650.000572 10.267668 -2.510310
8640.000343 10.298879 -2.574310
8630.000114 10.358483 -2.498625
8619.999886 10.343943 -2.507022
8610.000610 10.382419 -2.395027
8600.000381 10.392217 -2.487538
8590.000153 10.355136 -2.483716
8579.999924 10.245756 -2.559243
8570.000648 10.403521 -2.473553
8560.000420 10.418317 -2.597820
8550.000191 10.286098 -2.463946
8539.999962 10.284344 -2.562938
8530.000687 10.173552 -2.605004
8520.000458 10.321652 -2.466572
8510.000229 10.390768 -2.369564
8500.000000 10.355383 -2.527336
8490.000725 10.267963 -2.571106
8480.000496 10.171812 -2.429586
8470.000267 10.312418 -2.425394
8460.000038 10.311539 -2.487856
8450.000763 10.374213 -2.401153
8440.000534 10.188483 -2.484939
8430.000305 10.215467 -2.580583
8420.000076 10.286592 -2.597759
8409.999847 10.272306 -2.685381
8400.000572 10.383247 -2.443018
8390.000343 10.375798 -2.521095
8380.000114 10.147072 -2.465728
8369.999886 10.122644 -2.585062
8360.000610 10.022721 -2.505720
8350.000381 10.176300 -2.441276
8340.000153 10.349060 -2.494926
8329.999924 10.271023 -2.455946
8320.000648 10.424336 -2.446637
8310.000420 10.420275 -2.618586
8300.000191 10.270617 -2.599838
8289.999962 10.373546 -2.473425
8280.000687 10.384020 -2.530328
8270.000458 10.293184 -2.641218
8260.000229 10.340964 -2.481810
8250.000000 10.371196 -2.468584
8240.000725 10.358344 -2.518752
8230.000496 10.240459 -2.547320
8220.000267 10.481467 -2.593904
8210.000038 10.351629 -2.560325
8200.000763 10.299511 -2.512828
8190.000534 10.279210 -2.612447
8180.000305 10.187409 -2.562353
8170.000076 10.262690 -2.549360
8159.999847 10.116351 -2.499211
8150.000572 10.054263 -2.612693
8140.000343 10.267967 -2.648887
8130.000114 10.266850 -2.531303
8119.999886 10.362618 -2.676872
8110.000610 10.189802 -2.528253
8100.000381 10.392490 -2.542829
8090.000153 10.277096 -2.364704
8079.999924 10.202378 -2.493116
8070.000648 10.377649 -2.486643
8060.000420 10.191909 -2.656754
8050.000191 10.238026 -2.715603
8039.999962 10.285825 -2.516676
8030.000687 10.400621 -2.597521
8020.000458 10.357002 -2.486430
8010.000229 10.157250 -2.701044
8000.000000 10.353054 -2.603407
7990.000725 10.234550 -2.675998
7980.000496 10.280137 -2.665944
7970.000267 10.173918 -2.479739
7960.000038 10.263515 -2.520359
7950.000763 10.357615 -2.520085
7940.000534 10.351372 -2.555260
7930.000305 10.378036 -2.656475
7920.000076 10.257460 -2.441680
7909.999847 10.242245 -2.553938
7900.000572 10.144852 -2.495480
7890.000343 10.290415 -2.380992
7880.000114 10.300861 -2.662120
7869.999886 10.298329 -2.594210
7860.000610 10.252334 -2.632471
7850.000381 10.193349 -2.569218
7840.000153 10.228781 -2.697929
7829.999924 10.037066 -2.660751
7820.000648 10.139485 -2.530753
7810.000420 10.316389 -2.579749
7800.000191 10.209661 -2.549894
7789.999962 10.124359 -2.647469
7780.000687 10.237250 -2.695044
7770.000458 10.226057 -2.660223
7760.000229 10.166702 -2.625568
7750.000000 10.223979 -2.633379
7740.000725 10.252919 -2.528297
7730.000496 10.301754 -2.517446
7720.000267 10.090432 -2.619477
7710.000038 10.184342 -2.561284
7700.000763 10.319430 -2.476189
7690.000534 10.145876 -2.596958
7680.000305 10.155526 -2.631037
7670.000076 10.219185 -2.605897
7659.999847 10.314845 -2.631879
7650.000572 10.295485 -2.687153
7640.000343 10.158593 -2.643304
7630.000114 10.119188 -2.545312
7619.999886 10.207606 -2.737517
7610.000610 10.179475 -2.484485
7600.000381 10.270858 -2.552521
7590.000153 10.369745 -2.704117
7579.999924 10.288491 -2.646869
7570.000648 10.171388 -2.650443
7560.000420 10.239125 -2.510259
7550.000191 10.204953 -2.563479
7539.999962 10.192102 -2.401030
7530.000687 10.285938 -2.752522
7520.000458 10.180388 -2.578845
7510.000229 10.150943 -2.597359
7500.000000 10.266350 -2.609014
7490.000725 10.068589 -2.623082
7480.000496 10.260565 -2.722836
7470.000267 10.232445 -2.588345
7460.000038 10.390901 -2.562140
7450.000763 10.321304 -2.476589
7440.000534 10.204184 -2.585738
7430.000305 10.239667 -2.556702
7420.000076 10.152280 -2.556111
7410.000801 10.044529 -2.638253
7400.000572 10.109187 -2.541444
7390.000343 10.176543 -2.779876
7380.000114 10.247805 -2.466630
7369.999886 10.379276 -2.626019
7360.000610 10.389813 -2.612339
7350.000381 10.245273 -2.688720
7340.000153 10.188978 -2.570040
7329.999924 10.382511 -2.658371
7320.000648 10.362211 -2.527221
7310.000420 10.279562 -2.501564
7300.000191 10.231661 -2.563228
7289.999962 10.249219 -2.563307
7280.000687 10.267665 -2.799714
7270.000458 10.435138 -2.697040
7260.000229 10.230922 -2.583130
7250.000000 10.278636 -2.559979
7240.000725 10.400468 -2.657968
7230.000496 10.282145 -2.607941
7220.000267 10.227710 -2.382685
7210.000038 10.154328 -2.603691
7200.000763 10.170833 -2.659233
7190.000534 10.293316 -2.664391
7180.000305 10.228589 -2.658879
7170.000076 10.461770 -2.641245
7160.000801 10.295873 -2.578811
7150.000572 10.351418 -2.733145
7140.000343 10.124327 -2.651912
7130.000114 10.130736 -2.651226
7119.999886 10.194529 -2.727274
7110.000610 10.256548 -2.493227
7100.000381 10.225846 -2.514457
7090.000153 10.271288 -2.544820
7079.999924 10.194076 -2.472631
7070.000648 10.364248 -2.519422
7060.000420 10.418549 -2.838274
7050.000191 10.302136 -2.723749
7039.999962 10.362360 -2.535440
7030.000687 10.314506 -2.599174
7020.000458 10.341559 -2.598130
7010.000229 10.230374 -2.681223
7000.000000 10.276836 -2.629134
6990.000725 10.389065 -2.484370
6980.000496 10.194822 -2.556843
6970.000267 10.323938 -2.569741
6960.000038 10.383442 -2.534914
6950.000763 10.326047 -2.530549
6940.000534 10.166644 -2.574998
6930.000305 10.325075 -2.631543
6920.000076 10.181262 -2.636335
6910.000801 10.239683 -2.461056
6900.000572 10.334940 -2.569311
6890.000343 10.203501 -2.645029
6880.000114 10.261221 -2.646226
6869.999886 10.165079 -2.552581
6860.000610 10.270608 -2.778750
6850.000381 10.294156 -2.701301
6840.000153 10.310286 -2.563395
6829.999924 10.319865 -2.531893
6820.000648 10.242782 -2.524817
6810.000420 10.323187 -2.488578
6800.000191 10.332784 -2.582866
6789.999962 10.193074 -2.684222
6780.000687 10.182570 -2.566681
6770.000458 10.277569 -2.463073
6760.000229 10.214393 -2.634465
6750.000000 10.293929 -2.535368
6740.000725 10.231268 -2.566493
6730.000496 10.334622 -2.636355
6720.000267 10.048237 -2.586968
6710.000038 10.217577 -2.505885
6700.000763 10.252741 -2.550769
6690.000534 10.156362 -2.573283
6680.000305 10.124143 -2.590132
6670.000076 10.236864 -2.685596
6660.000801 10.289519 -2.559349
6650.000572 10.217442 -2.584178
6640.000343 10.282700 -2.545532
6630.000114 10.298979 -2.704966
6619.999886 10.205683 -2.533698
6610.000610 10.417617 -2.443516
6600.000381 10.197390 -2.458494
6590.000153 10.039095 -2.592958
6579.999924 10.121984 -2.584431
6570.000648 10.421680 -2.547664
6560.000420 10.286643 -2.540485
6550.000191 10.015507 -2.615546
6539.999962 10.186521 -2.512920
6530.000687 10.148244 -2.584110
6520.000458 10.239534 -2.670053
6510.000229 10.195520 -2.401214
6500.000000 10.293775 -2.607949
6490.000725 10.386180 -2.608669
6480.000496 10.261607 -2.622090
6470.000267 10.241629 -2.636770
6460.000038 10.305850 -2.612305
6450.000763 10.338634 -2.596090
6440.000534 10.351310 -2.658491
6430.000305 10.212707 -2.526587
6420.000076 10.084635 -2.585014
6410.000801 10.151574 -2.446170
6400.000572 10.178183 -2.650520
6390.000343 10.338444 -2.570589
6380.000114 10.263724 -2.611560
6369.999886 10.309810 -2.501975
6360.000610 10.285490 -2.589477
6350.000381 10.204132 -2.602884
6340.000153 10.200809 -2.644696
6329.999924 10.270729 -2.730189
6320.000648 10.146792 -2.689558
6310.000420 10.263440 -2.558355
6300.000191 10.274993 -2.472697
6289.999962 10.285056 -2.552391
6280.000687 10.283733 -2.683581
6270.000458 10.225379 -2.626878
6260.000229 10.103059 -2.689698
6250.000000 10.198911 -2.545196
6240.000725 10.280845 -2.590224
6230.000496 10.159472 -2.586891
6220.000267 10.201656 -2.626712
6210.000038 10.233946 -2.523999
6200.000763 10.192406 -2.488231
6190.000534 10.400441 -2.420026
6180.000305 10.268522 -2.584794
6170.000076 10.376145 -2.533308
6160.000801 10.392568 -2.502460
6150.000572 10.424264 -2.682044
6140.000343 10.299108 -2.594635
6130.000114 10.273161 -2.572647
6119.999886 10.349812 -2.559153
6110.000610 10.205504 -2.542588
6100.000381 10.279696 -2.552741
6090.000153 10.212530 -2.521983
6079.999924 10.292296 -2.635910
6070.000648 10.200050 -2.566351
6060.000420 10.155085 -2.570161
6050.000191 10.163093 -2.523635
6039.999962 10.183383 -2.623817
6030.000687 10.335454 -2.764542
6020.000458 10.275448 -2.694535
6010.000229 10.269512 -2.688883
6000.000000 10.131195 -2.661666
5989.999771 10.253256 -2.518078
5979.999542 10.280091 -2.618107
5970.001221 10.328995 -2.648624
5960.000992 10.278149 -2.451765
5950.000763 10.149582 -2.716388
5940.000534 10.195668 -2.483982
5930.000305 10.247387 -2.589264
5920.000076 10.231974 -2.586937
5909.999847 10.291203 -2.523809
5899.999619 10.082720 -2.578215
5890.001297 10.297505 -2.515609
5880.001068 10.387617 -2.570864
5870.000839 10.252586 -2.504433
5860.000610 10.280013 -2.608141
5850.000381 10.380772 -2.652105
5840.000153 10.190586 -2.659074
5829.999924 10.287665 -2.606228
5819.999695 10.326272 -2.667048
5809.999466 10.342004 -2.493666
5800.001144 10.239955 -2.655040
5790.000916 10.243820 -2.635576
5780.000687 10.259657 -2.626748
5770.000458 10.331032 -2.488076
5760.000229 10.302050 -2.546276
5750.000000 10.412999 -2.587715
5739.999771 10.352803 -2.465338
5729.999542 10.121333 -2.532561
5720.001221 10.436326 -2.464506
5710.000992 10.378387 -2.516436
5700.000763 10.274779 -2.661794
5690.000534 10.175294 -2.578760
5680.000305 10.217605 -2.539526
5670.000076 10.295143 -2.503473
5659.999847 10.324417 -2.482330
5649.999619 10.473493 -2.509943
5640.001297 10.339350 -2.591683
5630.001068 10.207145 -2.602046
5620.000839 10.265211 -2.428811
5610.000610 10.203113 -2.668333
5600.000381 10.226351 -2.633664
5590.000153 10.249848 -2.518481
5579.999924 10.334558 -2.573462
5569.999695 10.379310 -2.454578
5559.999466 10.324018 -2.514961
5550.001144 10.346008 -2.574391
5540.000916 10.250323 -2.422534
5530.000687 10.304724 -2.540387
5520.000458 10.328011 -2.478341
5510.000229 10.206823 -2.478126
5500.000000 10.413742 -2.507216
5489.999771 10.273467 -2.605532
5479.999542 10.250937 -2.533917
5470.001221 10.256256 -2.594929
5460.000992 10.253482 -2.544040
5450.000763 10.215259 -2.581795
5440.000534 10.249088 -2.538815
5430.000305 10.414302 -2.459231
5420.000076 10.223123 -2.509345
5409.999847 10.241751 -2.475867
5399.999619 10.336614 -2.455460
5390.001297 10.301500 -2.518611
5380.001068 10.242617 -2.561826
5370.000839 10.327737 -2.549382
5360.000610 10.362741 -2.546564
5350.000381 10.267294 -2.527333
5340.000153 10.459370 -2.488133
5329.999924 10.380684 -2.419660
5319.999695 10.317201 -2.441491
5309.999466 10.429349 -2.449569
5300.001144 10.322189 -2.415944
5290.000916 10.291005 -2.574345
5280.000687 10.211978 -2.482070
5270.000458 10.280319 -2.501671
5260.000229 10.308833 -2.537962
5250.000000 10.317429 -2.414768
5239.999771 10.195251 -2.487047
5229.999542 10.317390 -2.478407
5220.001221 10.344036 -2.472409
5210.000992 10.301092 -2.390013
5200.000763 10.228931 -2.516290
5190.000534 10.232789 -2.492996
5180.000305 10.175041 -2.539100
5170.000076 10.232948 -2.547376
5159.999847 10.267686 -2.366573
5149.999619 10.011209 -2.462860
5140.001297 10.333340 -2.455904
5130.001068 10.188055 -2.592653
5120.000839 10.355398 -2.490319
5110.000610 10.330650 -2.543842
5100.000381 10.348680 -2.546379
5090.000153 10.215473 -2.491848
5079.999924 10.245115 -2.588618
5069.999695 10.307392 -2.677108
5059.999466 10.293039 -2.507115
5050.001144 10.385113 -2.520339
5040.000916 10.284030 -2.472278
5030.000687 10.286629 -2.578542
5020.000458 10.249567 -2.572923
5010.000229 10.212908 -2.575776
5000.000000 10.271821 -2.520031
4989.999771 10.275342 -2.513805
4979.999542 10.191518 -2.561333
4970.001221 10.203660 -2.550141
4960.000992 10.241125 -2.624109
4950.000763 10.355320 -2.423072
4940.000534 10.450733 -2.584217
4930.000305 10.243649 -2.582115
4920.000076 10.333234 -2.399131
4909.999847 10.394250 -2.339120
4899.999619 10.352401 -2.430612
4890.001297 10.320615 -2.550634
4880.001068 10.459034 -2.421165
4870.000839 10.317540 -2.732597
4860.000610 10.322180 -2.441563
4850.000381 10.390425 -2.585284
4840.000153 10.182658 -2.612972
4829.999924 10.300265 -2.478608
4819.999695 10.215475 -2.583460
4809.999466 10.390282 -2.623725
4800.001144 10.274714 -2.593443
4790.000916 10.376842 -2.498192
4780.000687 10.335490 -2.617147
4770.000458 10.379099 -2.297641
4760.000229 10.270521 -2.481066
4750.000000 10.285529 -2.390478
4739.999771 10.261818 -2.490358
4729.999542 10.352750 -2.377092
4720.001221 10.524909 -2.656456
4710.000992 10.299982 -2.474332
4700.000763 10.238662 -2.481347
4690.000534 10.276694 -2.482272
4680.000305 10.235572 -2.449115
4670.000076 10.233138 -2.493437
4659.999847 10.273584 -2.525647
4649.999619 10.298774 -2.427861
4640.001297 10.482267 -2.515823
4630.001068 10.191741 -2.403278
4620.000839 10.390251 -2.483982
4610.000610 10.295664 -2.438621
4600.000381 10.309371 -2.415643
4590.000153 10.236275 -2.375033
4579.999924 10.177148 -2.313450
4569.999695 10.176638 -2.346394
4559.999466 10.311671 -2.421675
4550.001144 10.353105 -2.448678
4540.000916 10.484287 -2.547167
4530.000687 10.498893 -2.444289
4520.000458 10.482631 -2.469832
4510.000229 10.281085 -2.389489
4500.000000 10.365864 -2.528323
4489.999771 10.409492 -2.496613
4479.999542 10.390425 -2.647484
4470.001221 10.509278 -2.552055
4460.000992 10.380407 -2.550185
4450.000763 10.387013 -2.586479
4440.000534 10.434431 -2.430990
4430.000305 10.532073 -2.514746
4420.000076 10.481813 -2.541192
4409.999847 10.380361 -2.500051
4399.999619 10.449467 -2.397261
4390.001297 10.357438 -2.447607
4380.001068 10.327788 -2.421047
4370.000839 10.284254 -2.403782
4360.000610 10.253476 -2.449002
4350.000381 10.584019 -2.411232
4340.000153 10.484683 -2.508292
4329.999924 10.321970 -2.511234
4319.999695 10.280725 -2.508798
4309.999466 10.321999 -2.427344
4300.001144 10.219990 -2.437050
4290.000916 10.271886 -2.466958
4280.000687 10.340018 -2.428562
4270.000458 10.442825 -2.376834
4260.000229 10.389096 -2.428741
4250.000000 10.457981 -2.265131
4239.999771 10.302439 -2.374990
4229.999542 10.414939 -2.298832
4220.001221 10.482969 -2.337651
4210.000992 10.360446 -2.452825
4200.000763 10.295571 -2.444978
4190.000534 10.316688 -2.264914
4180.000305 10.385086 -2.391419
4170.000076 10.367133 -2.424219
4159.999847 10.452214 -2.282776
4149.999619 10.440218 -2.210242
4140.001297 10.350361 -2.288212
4130.001068 10.337403 -2.260742
4120.000839 10.360205 -2.254302
4110.000610 10.500997 -2.497078
4100.000381 10.335843 -2.268397
4090.000153 10.465919 -2.316360
4079.999924 10.327086 -2.513923
4069.999695 10.147923 -2.308565
4059.999466 10.340351 -2.494887
4050.001144 10.423897 -2.500662
4040.000916 10.432871 -2.306144
4030.000687 10.475015 -2.354282
4020.000458 10.336975 -2.487602
4010.000229 10.454700 -2.466834
4000.000000 10.455838 -2.361851
3989.999771 10.421856 -2.432940
3979.999542 10.388466 -2.387145
3970.001221 10.301290 -2.341466
3960.000992 10.468715 -2.412675
3950.000763 10.336907 -2.480770
3940.000534 10.214888 -2.433072
3930.000305 10.160552 -2.270109
3920.000076 10.265289 -2.293765
3909.999847 10.421513 -2.289301
3899.999619 10.369108 -2.366357
3890.001297 10.438055 -2.409847
3880.001068 10.451589 -2.488913
3870.000839 10.367035 -2.326594
3860.000610 10.420433 -2.458817
3850.000381 10.457897 -2.408420
3840.000153 10.287466 -2.439214
3829.999924 10.364247 -2.227847
3819.999695 10.267376 -2.460664
3809.999466 10.262015 -2.511642
3800.001144 10.374876 -2.333658
3790.000916 10.503273 -2.398812
3780.000687 10.426859 -2.371534
3770.000458 10.443673 -2.415780
3760.000229 10.280208 -2.406951
3750.000000 10.171525 -2.442639
3739.999771 10.264043 -2.300348
3729.999542 10.467657 -2.508687
3720.001221 10.311011 -2.331309
3710.000992 10.398635 -2.307390
3700.000763 10.560142 -2.383290
3690.000534 10.354324 -2.406394
3680.000305 10.487408 -2.348783
3670.000076 10.395176 -2.254517
3659.999847 10.371417 -2.248189
3649.999619 10.412898 -2.419232
3640.001297 10.259428 -2.183051
3630.001068 10.442730 -2.459580
3620.000839 10.373923 -2.323342
3610.000610 10.433734 -2.515668
3600.000381 10.331450 -2.447964
3590.000153 10.430244 -2.332827
3579.999924 10.331190 -2.359846
3569.999695 10.335608 -2.314682
3559.999466 10.355275 -2.453976
3550.001144 10.383209 -2.458644
3540.000916 10.413979 -2.212609
3530.000687 10.544621 -2.406885
3520.000458 10.355215 -2.317367
3510.000229 10.449720 -2.265488
3500.000000 10.623254 -2.289709
3489.999771 10.556933 -2.251350
3479.999542 10.385773 -2.371851
3470.001221 10.390522 -2.432049
3460.000992 10.329534 -2.436192
3450.000763 10.419242 -2.392346
3440.000534 10.664641 -2.326129
3430.000305 10.515962 -2.365092
3420.000076 10.503711 -2.262923
3409.999847 10.511731 -2.392877
3399.999619 10.410232 -2.478578
3390.001297 10.475446 -2.401220
3380.001068 10.583668 -2.245068
3370.000839 10.540375 -2.383254
3360.000610 10.391386 -2.410448
3350.000381 10.435245 -2.362241
3340.000153 10.344250 -2.400600
3329.999924 10.554848 -2.273878
3319.999695 10.350653 -2.339042
3309.999466 10.486074 -2.491196
3300.001144 10.447376 -2.336653
3290.000916 10.437722 -2.244518
3280.000687 10.500442 -2.345204
3270.000458 10.654131 -2.176244
3260.000229 10.494227 -2.306393
3250.000000 10.575847 -2.307779
3239.999771 10.551916 -2.377448
3229.999542 10.475953 -2.315410
3220.001221 10.397106 -2.272239
3210.000992 10.440850 -2.169797
3200.000763 10.525405 -2.254751
3190.000534 10.520027 -2.344410
3180.000305 10.578731 -2.318919
3170.000076 10.424837 -2.427363
3159.999847 10.500628 -2.373078
3149.999619 10.457362 -2.396796
3140.001297 10.600159 -2.292000
3130.001068 10.450745 -2.371076
3120.000839 10.313644 -2.409472
3110.000610 10.507020 -2.317049
3100.000381 10.512639 -2.292385
3090.000153 10.510765 -2.544018
3079.999924 10.583049 -2.151249
3069.999695 10.569232 -2.211386
3060.001373 10.510891 -2.070048
3050.001144 10.258508 -2.399233
3040.000916 10.366509 -2.253554
3030.000687 10.438429 -2.361645
3020.000458 10.298222 -2.441985
3010.000229 10.279135 -2.294139
3000.000000 10.296859 -2.181884
2989.999771 10.378403 -2.180612
2979.999542 10.296837 -2.437031
2970.001221 10.391589 -2.328667
2960.000992 10.362206 -2.170047
2950.000763 10.403654 -2.291622
2940.000534 10.477845 -2.271696
2930.000305 10.402769 -2.272154
2920.000076 10.337487 -2.262759
2909.999847 10.399020 -2.329633
2899.999619 10.492402 -2.225784
2890.001297 10.620800 -2.236390
2880.001068 10.599942 -2.105071
2870.000839 10.448662 -2.321239
2860.000610 10.520332 -2.363801
2850.000381 10.600362 -2.408929
2840.000153 10.348735 -2.283819
2829.999924 10.419949 -2.245018
2819.999695 10.366364 -2.300726
2810.001373 10.321106 -2.260912
2800.001144 10.314387 -2.305566
2790.000916 10.408803 -2.224178
2780.000687 10.399365 -2.339445
2770.000458 10.429098 -2.381374
2760.000229 10.405509 -2.156315
2750.000000 10.485128 -2.283643
2739.999771 10.250294 -2.393108
2729.999542 10.371088 -2.283225
2720.001221 10.391795 -2.362008
2710.000992 10.406890 -2.386503
2700.000763 10.493483 -2.236314
2690.000534 10.411858 -2.230902
2680.000305 10.371376 -2.341167
2670.000076 10.492163 -2.195536
2659.999847 10.443425 -2.233598
2649.999619 10.409835 -2.290817
2640.001297 10.462322 -2.227378
2630.001068 10.406019 -2.346734
2620.000839 10.499566 -2.264861
2610.000610 10.501121 -2.300590
2600.000381 10.410843 -2.345756
2590.000153 10.608310 -2.180926
2579.999924 10.276039 -2.345174
2569.999695 10.392568 -2.239034
2560.001373 10.378622 -2.398023
2550.001144 10.357475 -2.226088
2540.000916 10.346531 -2.200046
2530.000687 10.465553 -2.191837
2520.000458 10.172404 -2.340096
2510.000229 10.399792 -2.351497
2500.000000 10.535925 -2.239641
2489.999771 10.659564 -2.268292
2479.999542 10.564879 -2.317271
2470.001221 10.445349 -2.186758
2460.000992 10.411616 -2.331619
2450.000763 10.286376 -2.286618
2440.000534 10.402254 -2.386043
2430.000305 10.459145 -2.256302
2420.000076 10.385260 -2.287956
2409.999847 10.469374 -2.403819
2399.999619 10.499270 -2.140294
2390.001297 10.394865 -2.197470
2380.001068 10.432004 -2.258372
2370.000839 10.682550 -2.197879
2360.000610 10.466674 -2.243439
2350.000381 10.496787 -2.250255
2340.000153 10.525565 -2.315469
2329.999924 10.352518 -2.244087
2319.999695 10.490311 -2.070474
2310.001373 10.494112 -2.316869
2300.001144 10.342867 -2.195951
2290.000916 10.387746 -2.301216
2280.000687 10.536696 -2.194989
2270.000458 10.459528 -2.302297
2260.000229 10.417715 -2.149381
2250.000000 10.453265 -2.184693
2239.999771 10.510536 -2.149165
2229.999542 10.505225 -2.138516
2220.001221 10.500520 -2.180431
2210.000992 10.436186 -2.171875
2200.000763 10.365993 -2.305166
2190.000534 10.519593 -2.109703
2180.000305 10.551673 -2.385027
2170.000076 10.608769 -2.122380
2159.999847 10.463652 -2.275086
2149.999619 10.574641 -2.255458
2140.001297 10.372193 -2.245295
2130.001068 10.410920 -2.246751
2120.000839 10.573051 -2.259042
2110.000610 10.471580 -2.251936
2100.000381 10.585611 -2.259632
2090.000153 10.643710 -2.197688
2079.999924 10.535441 -2.420420
2069.999695 10.443447 -2.159719
2060.001373 10.516957 -2.208260
2050.001144 10.573980 -2.363128
2040.000916 10.368565 -2.277059
2030.000687 10.599233 -2.124774
2020.000458 10.449026 -2.280018
2010.000229 10.601656 -2.116767
2000.000000 10.618040 -2.229066
1989.999771 10.594406 -2.442372
1979.999542 10.642637 -2.313598
1970.001221 10.503811 -2.245105
1960.000992 10.525798 -2.100521
1950.000763 10.412091 -2.164449
1940.000534 10.534807 -2.275278
1930.000305 10.549946 -2.202341
1920.000076 10.617883 -2.354505
1909.999847 10.610427 -2.245920
1899.999619 10.572821 -2.208582
1890.001297 10.473680 -2.314850
1880.001068 10.602764 -2.256165
1870.000839 10.398618 -2.252407
1860.000610 10.461608 -2.172146
1850.000381 10.423861 -2.295233
1840.000153 10.626453 -2.170093
1829.999924 10.641654 -2.216750
1819.999695 10.629840 -2.117188
1810.001373 10.690351 -2.083001
1800.001144 10.715278 -2.125565
1790.000916 10.716774 -2.082162
1780.000687 10.508111 -2.091308
1770.000458 10.540000 -2.088477
1760.000229 10.689185 -2.183216
1750.000000 10.640236 -2.195135
1739.999771 10.651784 -2.143913
1729.999542 10.539794 -2.154184
1720.001221 10.609630 -2.203598
1710.000992 10.520287 -2.227356
1700.000763 10.643543 -2.122041
1690.000534 10.560916 -2.195325
1680.000305 10.611443 -2.195465
1670.000076 10.622465 -2.046256
1659.999847 10.477201 -2.074803
1649.999619 10.687103 -2.036980
1640.001297 10.704383 -2.128957
1630.001068 10.620911 -2.084860
1620.000839 10.647773 -2.118562
1610.000610 10.725344 -2.130025
1600.000381 10.539667 -1.980765
1590.000153 10.488779 -2.107325
1579.999924 10.601257 -2.059680
1569.999695 10.563023 -2.177510
1560.001373 10.530044 -2.145827
1550.001144 10.518304 -2.140253
1540.000916 10.438085 -2.146774
1530.000687 10.609912 -2.040299
1520.000458 10.604700 -2.157417
1510.000229 10.589487 -2.117435
1500.000000 10.554101 -2.169692
1489.999771 10.617963 -2.199903
1479.999542 10.578728 -2.107417
1470.001221 10.632089 -2.028264
1460.000992 10.709948 -2.095876
1450.000763 10.676597 -2.174989
1440.000534 10.607230 -2.137410
1430.000305 10.589072 -2.092152
1420.000076 10.613218 -2.192329
1409.999847 10.552298 -2.141239
1399.999619 10.535541 -2.243788
1390.001297 10.588561 -2.088073
1380.001068 10.609986 -2.007079
1370.000839 10.694605 -2.295033
1360.000610 10.721334 -2.129061
1350.000381 10.645726 -2.094837
1340.000153 10.647086 -2.134577
1329.999924 10.592960 -2.130181
1319.999695 10.483367 -2.116718
1310.001373 10.550495 -2.116667
1300.001144 10.379087 -2.049004
1290.000916 10.355964 -2.206479
1280.000687 10.449153 -2.090340
1270.000458 10.512405 -1.990358
1260.000229 10.673479 -2.062808
1250.000000 10.641168 -2.025198
1239.999771 10.534427 -1.890941
1229.999542 10.513561 -2.102439
1220.001221 10.408601 -2.131648
1210.000992 10.586768 -2.182390
1200.000763 10.544949 -2.118447
1190.000534 10.561363 -2.046241
1180.000305 10.590418 -2.013574
1170.000076 10.689400 -2.096891
1159.999847 10.686717 -2.255428
1149.999619 10.536718 -1.976107
1140.001297 10.529500 -2.150321
1130.001068 10.476802 -2.036170
1120.000839 10.610808 -2.047832
1110.000610 10.579403 -2.072425
1100.000381 10.570954 -2.062068
1090.000153 10.595807 -1.875405
1079.999924 10.629538 -2.052746
1069.999695 10.682073 -2.096848
1060.001373 10.663185 -1.978652
1050.001144 10.697449 -2.116220
1040.000916 10.628968 -2.114761
1030.000687 10.621114 -2.010439
1020.000458 10.597675 -1.932925
1010.000229 10.732048 -2.152252
1000.000000 10.613511 -1.978917
989.999771 10.546835 -1.978430
979.999542 10.619741 -1.990303
970.001221 10.580287 -2.011042
960.000992 10.592883 -2.014451
950.000763 10.698529 -2.145995
940.000534 10.625149 -2.108421
930.000305 10.610802 -2.119097
920.000076 10.571629 -2.158418
909.999847 10.588958 -2.048963
899.999619 10.664409 -2.002255
890.001297 10.709002 -2.099938
880.001068 10.637575 -2.007935
870.000839 10.620375 -2.030383
860.000610 10.716379 -2.030820
850.000381 10.620390 -1.886682
840.000153 10.721505 -2.016462
829.999924 10.713358 -2.054185
819.999695 10.738476 -2.077304
810.001373 10.626157 -2.028779
800.001144 10.613839 -1.974795
790.000916 10.612572 -2.105320
780.000687 10.608494 -2.116856
770.000458 10.775418 -2.091674
760.000229 10.538828 -2.029225
750.000000 10.634359 -2.031670
739.999771 10.641299 -1.967028
729.999542 10.616398 -1.999457
720.001221 10.719710 -1.946240
710.000992 10.622151 -2.136564
700.000763 10.640008 -1.936037
690.000534 10.689795 -1.992967
680.000305 10.684150 -2.041305
670.000076 10.741960 -1.991360
659.999847 10.682322 -2.023851
649.999619 10.639332 -2.013745
640.001297 10.605581 -2.005583
630.001068 10.506221 -1.906153
620.000839 10.684152 -2.049918
610.000610 10.818047 -2.051327
600.000381 10.552104 -1.923947
590.000153 10.621087 -1.971856
579.999924 10.577264 -2.111026
569.999695 10.643405 -2.013191
560.001373 10.649444 -1.993599
550.001144 10.690710 -2.098269
540.000916 10.654736 -1.980935
530.000687 10.716652 -1.983717
520.000458 10.578493 -2.042899
510.000229 10.781638 -2.055457
500.000000 10.607555 -2.029143
489.999771 10.564937 -2.020544
479.999542 10.564232 -2.114783
470.001221 10.667364 -2.125461
460.000992 10.584571 -1.982419
450.000763 10.707153 -2.112433
440.000534 10.624510 -2.011992
430.000305 10.740740 -2.217930
420.000076 10.760854 -2.096751
409.999847 10.764089 -2.115886
399.999619 10.532164 -2.208617
390.001297 10.650042 -2.046976
380.001068 10.604508 -2.109720
370.000839 10.588615 -2.050740
360.000610 10.602957 -2.079904
350.000381 10.727319 -2.047052
340.000153 10.589540 -2.144996
329.999924 10.693620 -2.063734
319.999695 10.552838 -1.898154
310.001373 10.539667 -2.058476
300.001144 10.550776 -2.078608
290.000916 10.511648 -1.880375
280.000687 10.432690 -2.039984
270.000458 10.611530 -2.018417
260.000229 10.631441 -1.997179
250.000000 10.693038 -2.024063
239.999771 10.743533 -1.991638
229.999542 10.675283 -2.133329
220.001221 10.669339 -1.954435
210.000992 10.753614 -1.954576
200.000763 10.711817 -1.973158
190.000534 10.724634 -1.983142
180.000305 10.669276 -2.002486
170.000076 10.571415 -1.869043
159.999847 10.581042 -1.920659
149.999619 10.735023 -1.809557
140.001297 10.800973 -1.965215
130.001068 10.717866 -1.960872
120.000839 10.790977 -1.897051
110.000610 10.835892 -1.937918
100.000381 10.767126 -1.813001
90.000153 10.933231 -1.753648
79.999924 10.849477 -1.960322
69.999695 10.917414 -1.766353
60.001373 10.907211 -1.799295
50.001144 10.932624 -1.657412
40.000916 10.744988 -1.633584
30.000687 10.912478 -1.718305
20.000458 11.107407 -1.659781
10.000229 11.079037 -1.570884
-0.000000 11.150278 -1.355317
-10.000229 11.317352 -1.407986
-20.000458 11.547847 -1.190110
-29.998779 11.579128 -0.950394
