# age N_data S_data
22000.000000 7.932143 -5.016623
21989.999771 7.966691 -4.923507
21979.999542 8.038134 -4.924061
21969.999313 7.928756 -4.950446
21959.999084 8.015478 -4.774667
21950.000763 8.167390 -4.804242
21940.000534 8.037806 -4.762718
21930.000305 7.975365 -4.987187
21920.000076 8.027254 -4.856750
21909.999847 8.070160 -4.942544
21899.999619 8.081939 -4.946665
21889.999390 7.750915 -4.873274
21879.999161 7.939721 -4.903006
21870.000839 7.836051 -4.804919
21860.000610 8.079261 -4.875398
21850.000381 7.984124 -4.782237
21840.000153 7.900492 -4.800875
21829.999924 7.978398 -4.940471
21819.999695 7.907661 -4.808126
21809.999466 7.826382 -4.923783
21799.999237 8.111927 -4.815545
21790.000916 7.905673 -4.796332
21780.000687 8.052399 -4.991192
21770.000458 7.829420 -4.904656
21760.000229 8.170424 -4.828947
21750.000000 8.112557 -4.881340
21739.999771 8.026475 -4.988676
21729.999542 8.026305 -4.854743
21719.999313 7.925682 -4.727263
21709.999084 7.897148 -4.863487
21700.000763 7.748187 -4.739226
21690.000534 7.957610 -4.905128
21680.000305 7.852648 -4.970068
21670.000076 7.916450 -5.038951
21659.999847 7.825142 -4.843505
21649.999619 7.974255 -4.976476
21639.999390 8.034554 -4.989278
21629.999161 8.001378 -4.872633
21620.000839 8.037361 -4.683176
21610.000610 7.940233 -4.855187
21600.000381 8.068419 -4.811366
21590.000153 8.010853 -5.060999
21579.999924 7.984629 -4.872737
21569.999695 8.029355 -4.881648
21559.999466 7.995104 -4.969182
21549.999237 7.948281 -4.891603
21540.000916 8.035179 -4.861194
21530.000687 7.884823 -4.968488
21520.000458 7.766429 -4.926145
21510.000229 7.809955 -4.884489
21500.000000 7.835227 -4.830300
21489.999771 8.001213 -4.983169
21479.999542 8.070687 -5.032026
21469.999313 8.031288 -4.730303
21459.999084 8.105297 -4.851086
21450.000763 7.941781 -4.736193
21440.000534 7.925369 -4.795398
21430.000305 7.776255 -4.778294
21420.000076 7.820800 -4.937386
21409.999847 7.974212 -4.578989
21399.999619 7.839525 -4.762525
21389.999390 8.082042 -4.889784
21379.999161 7.860861 -4.804020
21370.000839 7.925710 -4.901698
21360.000610 7.903343 -4.775675
21350.000381 7.913261 -4.977616
21340.000153 7.821686 -4.708733
21329.999924 7.912875 -4.748793
21319.999695 7.893548 -4.884873
21309.999466 7.905457 -4.768437
21299.999237 8.001079 -4.722021
21290.000916 8.155161 -4.847992
21280.000687 7.768430 -4.912274
21270.000458 7.916818 -4.925189
21260.000229 7.912252 -4.926779
21250.000000 7.926662 -4.823488
21239.999771 8.056699 -4.831284
21229.999542 7.949341 -4.774705
21219.999313 7.947035 -4.734487
21209.999084 7.836282 -4.863971
21200.000763 8.132782 -4.913533
21190.000534 7.928518 -4.909499
21180.000305 7.888282 -4.863893
21170.000076 7.873694 -4.627604
21159.999847 7.851486 -4.722942
21149.999619 7.949058 -4.830897
21139.999390 7.914456 -4.860686
21129.999161 7.799779 -4.858665
21120.000839 7.943803 -4.795950
21110.000610 7.726318 -4.687464
21100.000381 7.797785 -4.657686
21090.000153 8.015673 -4.874580
21079.999924 7.953024 -4.708495
21069.999695 7.854614 -4.638469
21059.999466 7.713145 -4.851321
21049.999237 7.784390 -4.874740
21040.000916 7.853961 -4.743467
21030.000687 7.998132 -4.782025
21020.000458 7.986100 -4.857066
21010.000229 7.852169 -4.951417
21000.000000 7.651612 -4.745424
20989.999771 7.860336 -4.692924
20979.999542 7.827009 -4.844241
20969.999313 7.946862 -4.834811
20959.999084 7.734153 -4.821576
20950.000763 7.690132 -4.877600
20940.000534 7.857048 -4.844634
20930.000305 7.816154 -4.780455
20920.000076 7.957500 -4.850826
20909.999847 7.848940 -4.904152
20899.999619 7.851958 -4.677896
20889.999390 7.690911 -4.743732
20879.999161 7.805663 -4.792277
20870.000839 7.756081 -4.911072
20860.000610 7.854901 -4.803770
20850.000381 7.815968 -4.840624
20840.000153 7.620288 -4.721885
20829.999924 7.895030 -4.721398
20819.999695 7.736463 -4.965866
20809.999466 7.875275 -4.920862
20799.999237 7.746817 -4.871817
20790.000916 7.621373 -4.941989
20780.000687 7.873387 -4.802498
20770.000458 7.924070 -4.859914
20760.000229 7.719616 -4.938032
20750.000000 7.696896 -4.913940
20739.999771 8.014423 -4.705928
20729.999542 7.760361 -4.791573
20719.999313 7.833057 -4.738523
20709.999084 7.939417 -4.651609
20700.000763 7.777186 -4.932199
20690.000534 7.570775 -4.956749
20680.000305 7.744538 -4.800723
20670.000076 7.917841 -4.843496
20659.999847 7.945824 -4.902101
20649.999619 7.745524 -4.829938
20639.999390 7.934317 -4.831481
20629.999161 7.777217 -4.850094
20620.000839 7.691939 -4.843807
20610.000610 7.669448 -4.687729
20600.000381 7.775868 -4.869735
20590.000153 7.643263 -4.745124
20579.999924 7.568474 -4.787769
20569.999695 7.731608 -4.699056
20559.999466 7.731717 -4.807948
20549.999237 7.945648 -4.785895
20540.000916 7.834002 -4.867386
20530.000687 7.811197 -4.841824
20520.000458 7.843186 -4.899283
20510.000229 7.891074 -4.724180
20500.000000 7.977016 -4.800454
20489.999771 7.800795 -4.678237
20479.999542 7.844206 -4.668258
20469.999313 7.817490 -4.719738
20459.999084 8.024923 -4.620533
20450.000763 7.810419 -4.921464
20440.000534 7.776792 -4.904910
20430.000305 7.901148 -4.879592
20420.000076 7.748830 -4.867581
20409.999847 7.881334 -4.672041
20399.999619 8.004062 -4.744885
20389.999390 7.972538 -4.740736
20379.999161 7.853852 -4.645227
20370.000839 8.052235 -4.875807
20360.000610 7.950904 -4.725546
20350.000381 7.917989 -4.710003
20340.000153 7.890404 -4.769378
20329.999924 7.972139 -4.760411
20319.999695 7.879239 -4.827830
20309.999466 7.842807 -4.715072
20299.999237 7.820171 -4.902451
20290.000916 7.785846 -4.833334
20280.000687 7.775494 -4.816690
20270.000458 7.599233 -4.931333
20260.000229 8.014673 -4.889176
20250.000000 7.622375 -4.876239
20239.999771 7.711179 -4.732946
20229.999542 7.639565 -4.754268
20219.999313 7.664247 -4.822128
20209.999084 7.679681 -4.771741
20200.000763 7.891045 -4.696885
20190.000534 7.786003 -4.846557
20180.000305 7.898717 -4.911071
20170.000076 7.815561 -4.851094
20159.999847 7.866787 -4.810795
20149.999619 7.869147 -4.615765
20139.999390 7.967411 -4.660283
20129.999161 7.971615 -4.752424
20120.000839 8.000579 -4.723190
20110.000610 8.073300 -4.733296
20100.000381 8.015034 -4.745656
20090.000153 7.917266 -4.718635
20079.999924 7.737606 -4.762111
20069.999695 7.894231 -4.603830
20059.999466 7.872160 -4.779128
20049.999237 7.922523 -4.755838
20040.000916 7.762912 -4.852614
20030.000687 7.708718 -4.743414
20020.000458 8.000895 -4.671462
20010.000229 7.945074 -4.609538
20000.000000 7.954563 -4.683146
19989.999771 7.995733 -4.760678
19979.999542 7.993042 -4.720790
19969.999313 7.912537 -4.804138
19959.999084 7.979279 -4.708848
19950.000763 8.018038 -4.586904
19940.000534 7.995473 -4.732004
19930.000305 8.061998 -4.643360
19920.000076 7.927939 -4.703321
19909.999847 8.035908 -4.643753
19899.999619 8.062674 -4.692613
19889.999390 7.921417 -4.596895
19880.001068 7.912078 -4.587336
19870.000839 7.966523 -4.558654
19860.000610 7.969685 -4.605066
19850.000381 8.043439 -4.485854
19840.000153 8.089651 -4.683915
19829.999924 8.102040 -4.662878
19819.999695 8.007762 -4.609015
19809.999466 8.089312 -4.517688
19799.999237 7.937972 -4.640011
19790.000916 8.013563 -4.489985
19780.000687 7.991427 -4.455008
19770.000458 8.055673 -4.458680
19760.000229 7.988722 -4.679137
19750.000000 8.072823 -4.727199
19739.999771 8.100781 -4.565723
19729.999542 7.849897 -4.497269
19719.999313 7.581931 -4.522876
19709.999084 8.066265 -4.639440
19700.000763 8.161054 -4.660050
19690.000534 8.063950 -4.670716
19680.000305 8.253777 -4.651204
19670.000076 8.164825 -4.845482
19659.999847 7.942356 -4.580541
19649.999619 8.007482 -4.637932
19639.999390 8.251160 -4.632091
19630.001068 7.946815 -4.807174
19620.000839 7.913158 -4.718812
19610.000610 8.052292 -4.693031
19600.000381 7.937020 -4.733933
19590.000153 7.826493 -4.743333
19579.999924 8.011044 -4.619486
19569.999695 8.017961 -4.546861
19559.999466 8.071966 -4.567601
19549.999237 8.013902 -4.689764
19540.000916 7.961532 -4.639786
19530.000687 8.132384 -4.607842
19520.000458 7.993050 -4.573597
19510.000229 8.133390 -4.619068
19500.000000 7.885900 -4.601472
19489.999771 8.094777 -4.632842
19479.999542 8.047233 -4.564808
19469.999313 7.951918 -4.537072
19459.999084 7.977370 -4.701603
19450.000763 7.897801 -4.731389
19440.000534 7.991518 -4.694865
19430.000305 7.899078 -4.612208
19420.000076 8.039622 -4.690286
19409.999847 8.114101 -4.560473
19399.999619 7.972642 -4.688120
19389.999390 7.989740 -4.775913
19380.001068 7.878084 -4.543505
19370.000839 7.881208 -4.518042
19360.000610 7.645528 -4.742651
19350.000381 7.944439 -4.559432
19340.000153 8.055861 -4.645375
19329.999924 8.085495 -4.774144
19319.999695 8.031961 -4.658327
19309.999466 7.768019 -4.670864
19299.999237 7.765936 -4.758320
19290.000916 8.086895 -4.676740
19280.000687 8.024246 -4.657467
19270.000458 8.106372 -4.661848
19260.000229 7.953269 -4.708067
19250.000000 7.947129 -4.652836
19239.999771 7.816475 -4.702648
19229.999542 7.810441 -4.681321
19219.999313 7.768792 -4.625102
19209.999084 7.689069 -4.523390
19200.000763 7.932854 -4.567228
19190.000534 7.832738 -4.680088
19180.000305 8.096322 -4.683791
19170.000076 8.089892 -4.764946
19159.999847 8.091836 -4.551618
19149.999619 8.090320 -4.560902
19139.999390 8.089475 -4.625305
19130.001068 8.063220 -4.766554
19120.000839 7.924298 -4.604800
19110.000610 7.905235 -4.572820
19100.000381 7.983193 -4.573843
19090.000153 7.823700 -4.486681
19079.999924 7.886697 -4.813567
19069.999695 7.903156 -4.590259
19059.999466 8.059742 -4.554787
19049.999237 8.087368 -4.454323
19040.000916 8.010697 -4.635611
19030.000687 7.946979 -4.597283
19020.000458 7.928952 -4.778622
19010.000229 8.020899 -4.729696
19000.000000 7.943770 -4.546645
18989.999771 7.857084 -4.562205
18979.999542 7.849583 -4.705033
18969.999313 7.700092 -4.722395
18959.999084 7.662936 -4.793001
18950.000763 7.581641 -4.688090
18940.000534 7.798916 -4.673121
18930.000305 7.883203 -4.519837
18920.000076 7.606586 -4.519043
18909.999847 7.724177 -4.518507
18899.999619 7.549693 -4.546756
18889.999390 7.820726 -4.578676
18880.001068 7.848293 -4.468209
18870.000839 7.829388 -4.542085
18860.000610 7.709899 -4.428663
18850.000381 7.542086 -4.540791
18840.000153 7.752351 -4.491893
18829.999924 7.612248 -4.590922
18819.999695 7.460350 -4.652647
18809.999466 7.602432 -4.368777
18799.999237 7.623743 -4.512265
18790.000916 7.581547 -4.363758
18780.000687 7.499046 -4.491662
18770.000458 7.740343 -4.330291
18760.000229 7.683015 -4.438599
18750.000000 7.482223 -4.407570
18739.999771 7.340944 -4.515989
18729.999542 7.610410 -4.530096
18719.999313 7.594385 -4.425444
18709.999084 7.439466 -4.439472
18700.000763 7.672859 -4.541349
18690.000534 7.561369 -4.411662
18680.000305 7.651057 -4.361212
18670.000076 7.576213 -4.507174
18659.999847 7.518041 -4.477766
18649.999619 7.656033 -4.471924
18639.999390 7.574540 -4.435631
18630.001068 7.697407 -4.420109
18620.000839 7.627648 -4.387130
18610.000610 7.414742 -4.372790
18600.000381 7.478660 -4.388515
18590.000153 7.519392 -4.158178
18579.999924 7.626877 -4.186012
18569.999695 7.550411 -4.336060
18559.999466 7.640124 -4.335089
18549.999237 7.613270 -4.435761
18540.000916 7.682695 -4.270424
18530.000687 7.619007 -4.386462
18520.000458 7.480007 -4.197913
18510.000229 7.582355 -4.372872
18500.000000 7.661052 -4.333803
18489.999771 7.524196 -4.254241
18479.999542 7.569521 -4.141057
18469.999313 7.471909 -4.247808
18459.999084 7.487699 -4.400534
18450.000763 7.640810 -4.432044
18440.000534 7.715539 -4.410192
18430.000305 7.646174 -4.221186
18420.000076 7.238417 -4.180694
18409.999847 7.486102 -4.200055
18399.999619 7.842530 -4.171022
18389.999390 7.676685 -4.167131
18380.001068 7.644194 -4.267919
18370.000839 7.784459 -4.417790
18360.000610 7.798245 -4.298711
18350.000381 7.751298 -4.212444
18340.000153 7.592668 -4.150008
18329.999924 7.701426 -4.220646
18319.999695 7.789688 -4.058368
18309.999466 7.867043 -4.085059
18299.999237 7.806787 -4.284761
18290.000916 7.863502 -4.147457
18280.000687 7.862355 -4.242624
18270.000458 7.756496 -4.253135
18260.000229 7.652697 -4.046966
18250.000000 7.618384 -4.048819
18239.999771 7.386282 -4.129846
18229.999542 7.270895 -4.172074
18219.999313 7.425199 -4.412746
18209.999084 7.547846 -4.185054
18200.000763 7.708544 -4.096102
18190.000534 7.524039 -4.193694
18180.000305 7.542603 -4.134519
18170.000076 7.453035 -4.176518
18159.999847 7.648569 -4.109857
18149.999619 7.503432 -4.249252
18139.999390 7.545025 -4.005724
18130.001068 7.473867 -4.221178
18120.000839 7.318509 -4.305250
18110.000610 7.572998 -4.167029
18100.000381 7.580657 -4.157524
18090.000153 7.495509 -4.019122
18079.999924 7.220506 -4.302268
18069.999695 7.561414 -4.077535
18059.999466 7.395656 -4.167129
18049.999237 7.581726 -4.144485
18040.000916 7.526937 -4.135611
18030.000687 7.405012 -4.195136
18020.000458 7.460230 -4.073155
18010.000229 7.466907 -4.050635
18000.000000 7.327871 -4.077989
17989.999771 7.401377 -4.170515
17979.999542 7.313158 -4.071777
17970.001221 7.263348 -4.029180
17959.999084 7.484838 -4.072189
17950.000763 7.193841 -4.086427
17940.000534 7.399753 -4.072655
17930.000305 7.459250 -4.059488
17920.000076 7.366751 -4.056133
17909.999847 7.393377 -4.093946
17899.999619 7.569414 -4.076776
17889.999390 7.503316 -4.042713
17880.001068 7.386884 -4.093017
17869.998932 6.989529 -4.100707
17860.000610 7.160499 -4.034022
17850.000381 7.024124 -4.100474
17840.000153 7.215311 -3.904827
17829.999924 7.158128 -4.012512
17819.999695 7.111019 -3.971847
17809.999466 7.119716 -4.029242
17799.999237 7.124810 -3.937435
17790.000916 7.019898 -3.903506
17780.000687 7.283263 -4.035337
17770.000458 6.825597 -3.958339
17760.000229 7.243749 -3.907249
17750.000000 7.133162 -3.746118
17739.999771 7.035846 -3.914396
17729.999542 6.915369 -3.981733
17720.001221 6.953093 -3.901596
17709.999084 7.372396 -3.827778
17700.000763 7.168640 -3.835785
17690.000534 7.176331 -3.834334
17680.000305 7.198341 -3.775359
17670.000076 7.112442 -3.821641
17659.999847 6.822921 -3.691191
17649.999619 6.802507 -3.745672
17639.999390 7.074600 -3.835468
17630.001068 6.930952 -3.708880
17619.998932 7.109955 -3.653171
17610.000610 7.210970 -3.779104
17600.000381 7.108610 -3.789716
17590.000153 6.652058 -3.639231
17579.999924 6.860957 -3.699260
17569.999695 6.683561 -3.665821
17559.999466 6.916996 -3.538366
17549.999237 7.075189 -3.592601
17540.000916 7.127718 -3.712449
17530.000687 6.919893 -3.592195
17520.000458 7.071419 -3.642265
17510.000229 7.075021 -3.643695
17500.000000 6.999951 -3.549452
17489.999771 6.821006 -3.663989
17479.999542 6.871760 -3.634417
17470.001221 6.927515 -3.646118
17459.999084 7.130875 -3.496347
17450.000763 6.856366 -3.603075
17440.000534 6.906098 -3.541374
17430.000305 6.837293 -3.723636
17420.000076 6.832385 -3.470631
17409.999847 6.623231 -3.464910
17399.999619 6.705857 -3.394702
17389.999390 6.877775 -3.612971
17380.001068 6.901708 -3.600344
17369.998932 6.691376 -3.461433
17360.000610 6.847496 -3.476369
17350.000381 6.624489 -3.383414
17340.000153 6.351288 -3.467234
17329.999924 6.491113 -3.369873
17319.999695 6.459286 -3.301331
17309.999466 6.709109 -3.393817
17299.999237 6.572631 -3.303665
17290.000916 6.618200 -3.476455
17280.000687 6.603353 -3.342297
17270.000458 6.793584 -3.322881
17260.000229 6.535888 -3.355906
17250.000000 6.473430 -3.218979
17239.999771 6.527120 -3.366035
17229.999542 6.636690 -3.248588
17220.001221 6.576875 -3.217816
17209.999084 6.654621 -3.260216
17200.000763 6.570374 -3.186562
17190.000534 6.463289 -3.182431
17180.000305 6.366691 -3.283026
17170.000076 6.805415 -2.965535
17159.999847 6.546069 -3.095032
17149.999619 6.465246 -3.085001
17139.999390 6.473069 -2.968444
17130.001068 6.299997 -3.161637
17119.998932 6.361077 -3.006581
17110.000610 6.558269 -3.182262
17100.000381 6.521856 -2.978923
17090.000153 6.393102 -3.048481
17079.999924 6.503652 -3.085156
17069.999695 6.282906 -3.067589
17059.999466 6.384846 -2.927364
17049.999237 6.517946 -2.908361
17040.000916 6.523351 -2.773164
17030.000687 6.526206 -2.833505
17020.000458 6.586000 -2.866895
17010.000229 6.650006 -2.905061
17000.000000 6.590531 -2.810681
16989.999771 6.348386 -2.680056
16979.999542 6.396388 -2.766841
16970.001221 6.354046 -2.915958
16959.999084 6.473642 -2.817848
16950.000763 6.436243 -2.824048
16940.000534 6.352568 -2.751233
16930.000305 6.562048 -2.899135
16920.000076 6.456247 -2.812078
16909.999847 6.468458 -2.847973
16899.999619 6.414792 -2.694452
16889.999390 6.380302 -2.699297
16880.001068 6.555908 -2.743287
16869.998932 6.600549 -2.598734
16860.000610 6.360031 -2.647170
16850.000381 6.345722 -2.736225
16840.000153 6.368630 -2.654211
16829.999924 6.422422 -2.759284
16819.999695 6.252726 -2.732716
16809.999466 6.423056 -2.620750
16799.999237 6.475254 -2.663865
16790.000916 6.760097 -2.796071
16780.000687 6.615108 -2.562368
16770.000458 6.575655 -2.559702
16760.000229 6.647399 -2.558269
16750.000000 6.486636 -2.509212
16739.999771 6.580098 -2.535681
16729.999542 6.516600 -2.542691
16720.001221 6.305577 -2.436686
16709.999084 6.389693 -2.484516
16700.000763 6.352611 -2.348006
16690.000534 6.763568 -2.590308
16680.000305 6.640575 -2.495844
16670.000076 6.482347 -2.464947
16659.999847 6.418798 -2.486667
16649.999619 6.530241 -2.574674
16639.999390 6.726163 -2.420991
16630.001068 6.667985 -2.482753
16619.998932 6.687322 -2.385005
16610.000610 6.586924 -2.404603
16600.000381 6.453833 -2.442127
16590.000153 6.386947 -2.458194
16579.999924 6.430504 -2.404261
16569.999695 6.590222 -2.393035
16559.999466 6.770981 -2.211783
16549.999237 6.717052 -2.342458
16540.000916 6.780601 -2.347622
16530.000687 6.597991 -2.309559
16520.000458 6.615707 -2.322045
16510.000229 6.811466 -2.297380
16500.000000 6.863359 -2.453030
16489.999771 6.611080 -2.467159
16479.999542 6.816393 -2.332972
16470.001221 6.895025 -2.332343
16459.999084 6.838978 -2.269233
16450.000763 6.740601 -2.340694
16440.000534 6.677699 -2.268897
16430.000305 6.725445 -2.301550
16420.000076 6.866669 -2.415577
16409.999847 6.747469 -2.402631
16399.999619 6.574291 -2.232764
16389.999390 6.931787 -2.289418
16380.001068 6.951925 -2.232120
16370.000839 6.974305 -2.214847
16360.000610 6.962356 -2.171922
16350.000381 6.913689 -2.215152
16340.000153 6.912112 -2.249102
16329.999924 6.777185 -2.275465
16319.999695 7.021968 -2.266951
16309.999466 6.836699 -2.238674
16299.999237 6.993433 -2.234020
16290.000916 6.961970 -2.162206
16280.000687 6.925541 -2.110690
16270.000458 6.856836 -2.296326
16260.000229 6.930283 -2.089443
16250.000000 6.822865 -2.081604
16239.999771 6.959784 -2.173859
16229.999542 6.946177 -2.176405
16220.001221 6.991455 -1.930186
16209.999084 7.070799 -2.062783
16200.000763 7.056135 -2.076507
16190.000534 6.950885 -1.877984
16180.000305 6.969099 -2.115391
16170.000076 7.142426 -1.899548
16159.999847 6.932645 -1.836997
16149.999619 7.083772 -1.981127
16139.999390 7.089143 -1.896156
16130.001068 7.149045 -1.826542
16120.000839 7.134008 -1.865436
16110.000610 7.016222 -1.976321
16100.000381 7.137234 -1.948101
16090.000153 7.070930 -1.904955
16079.999924 7.080230 -1.877543
16069.999695 7.085847 -1.831218
16059.999466 7.174472 -1.765889
16049.999237 6.990934 -1.791545
16040.000916 7.287925 -1.887767
16030.000687 7.284580 -1.825951
16020.000458 7.248858 -1.872227
16010.000229 6.897789 -1.907011
16000.000000 6.887687 -1.834463
15989.999771 7.087985 -1.832806
15979.999542 7.131394 -1.609462
15970.000267 7.261028 -1.806197
15960.000038 7.158026 -1.646466
15950.000763 7.106315 -1.827450
15940.000534 7.248004 -1.643426
15930.000305 7.106266 -1.755341
15920.000076 7.201736 -1.764772
15909.999847 7.258397 -1.812148
15899.999619 7.285771 -1.906972
15890.000343 7.166730 -1.743656
15880.000114 7.337326 -1.740165
15870.000839 7.228847 -1.692047
15860.000610 7.191437 -1.552211
15850.000381 7.260808 -1.503820
15840.000153 7.228046 -1.644112
15829.999924 7.176815 -1.705140
15819.999695 7.177393 -1.694206
15809.999466 7.356770 -1.524572
15800.000191 7.349400 -1.589475
15789.999962 7.341650 -1.570811
15780.000687 7.489939 -1.536872
15770.000458 7.383668 -1.518926
15760.000229 7.240350 -1.543309
15750.000000 7.347755 -1.562790
15739.999771 7.383176 -1.522010
15729.999542 7.328650 -1.453893
15720.000267 7.395506 -1.425551
15710.000038 7.624636 -1.393690
15700.000763 7.422576 -1.403934
15690.000534 7.451088 -1.395916
15680.000305 7.385542 -1.314708
15670.000076 7.427680 -1.396312
15659.999847 7.495540 -1.467580
15649.999619 7.409663 -1.402275
15640.000343 7.370415 -1.382297
15630.000114 7.376964 -1.352818
15620.000839 7.569504 -1.313442
15610.000610 7.497061 -1.330407
15600.000381 7.465768 -1.252259
15590.000153 7.528692 -1.368292
15579.999924 7.597917 -1.307103
15569.999695 7.451779 -1.348507
15559.999466 7.457549 -1.310147
15550.000191 7.490238 -1.320847
15539.999962 7.479648 -1.314439
15530.000687 7.284302 -1.335092
15520.000458 7.637248 -1.340234
15510.000229 7.655770 -1.286228
15500.000000 7.798720 -1.132724
15489.999771 7.513067 -1.144479
15479.999542 7.795320 -1.293750
15470.000267 7.771615 -1.251577
15460.000038 7.598583 -1.196241
15450.000763 7.749904 -1.172570
15440.000534 7.680857 -1.188677
15430.000305 7.656584 -1.318945
15420.000076 7.721561 -1.076240
15409.999847 7.674298 -1.182486
15399.999619 7.434673 -1.090828
15390.000343 7.679783 -1.264060
15380.000114 7.587898 -1.167531
15370.000839 7.631797 -0.988289
15360.000610 7.670791 -1.165536
15350.000381 7.822241 -1.014508
15340.000153 7.850788 -1.144347
15329.999924 7.797057 -1.050774
15319.999695 7.894393 -0.987567
15309.999466 7.828780 -1.069852
15300.000191 7.681952 -1.084421
15289.999962 7.792552 -0.980911
15280.000687 7.947864 -0.937572
15270.000458 7.828095 -0.999631
15260.000229 7.798599 -1.050374
15250.000000 7.901505 -0.972171
15239.999771 7.828518 -0.907044
15229.999542 7.977744 -0.972187
15220.000267 7.838058 -0.930574
15210.000038 7.778424 -1.019700
15200.000763 7.789060 -1.140960
15190.000534 7.792864 -0.975215
15180.000305 7.872267 -0.827463
15170.000076 8.033844 -0.977283
15159.999847 8.138412 -0.885525
15149.999619 8.106684 -0.913395
15140.000343 8.165538 -0.887491
15130.000114 8.131213 -0.982016
15120.000839 7.808968 -0.874035
15110.000610 8.136391 -0.769664
15100.000381 7.964544 -0.697628
15090.000153 7.989522 -0.875412
15079.999924 8.034006 -1.036523
15069.999695 8.189785 -0.656747
15059.999466 8.267777 -0.906332
15050.000191 8.280627 -0.860261
15039.999962 8.014200 -0.804492
15030.000687 8.235925 -0.670603
15020.000458 8.302530 -0.849678
15010.000229 8.069765 -0.872770
15000.000000 7.861939 -0.867580
14989.999771 7.522751 -0.814875
14979.999542 7.706847 -0.722390
14970.000267 7.627804 -0.862402
14960.000038 7.535253 -0.820991
14950.000763 7.759071 -0.774014
14940.000534 7.640358 -0.863901
14930.000305 7.751796 -0.902705
14920.000076 7.678417 -0.874777
14909.999847 7.549195 -0.745678
14899.999619 7.508843 -0.802452
14890.000343 7.603675 -0.819513
14880.000114 7.723101 -0.826574
14870.000839 7.704339 -0.829750
14860.000610 7.688196 -0.760349
14850.000381 7.650333 -0.764006
14840.000153 7.844293 -0.818121
14829.999924 7.984239 -0.740612
14819.999695 7.717688 -0.733480
14809.999466 7.888554 -0.686292
14800.000191 7.804691 -0.837635
14789.999962 7.855797 -0.689384
14780.000687 8.039561 -0.797144
14770.000458 7.724295 -0.733110
14760.000229 7.843256 -0.710955
14750.000000 7.965400 -0.658221
14739.999771 7.643496 -0.614559
14729.999542 7.683849 -0.650501
14720.000267 7.829343 -0.703391
14710.000038 7.831433 -0.571931
14700.000763 7.698607 -0.675371
14690.000534 8.096403 -0.667101
14680.000305 8.095904 -0.607064
14670.000076 8.072643 -0.695887
14659.999847 8.233085 -0.458253
14649.999619 8.375617 -0.656374
14640.000343 8.649901 -0.695131
14630.000114 8.537969 -0.504632
14620.000839 8.737339 -0.505422
14610.000610 8.553270 -0.774100
14600.000381 8.929271 -0.651713
14590.000153 9.104484 -0.690146
14579.999924 9.071692 -0.776388
14569.999695 9.183777 -0.839394
14559.999466 9.041612 -0.623446
14550.000191 9.178301 -0.847164
14539.999962 9.417889 -0.886382
14530.000687 9.308955 -0.922553
14520.000458 9.489705 -0.917121
14510.000229 9.373769 -0.760820
14500.000000 9.632928 -0.985214
14489.999771 9.732262 -0.945175
14479.999542 9.805011 -0.852369
14470.000267 9.767944 -0.893020
14460.000038 10.001534 -0.952381
14450.000763 9.930062 -0.926011
14440.000534 9.933696 -0.860540
14430.000305 10.011336 -0.989110
14420.000076 10.154447 -0.872603
14409.999847 10.229267 -1.068070
14399.999619 10.036918 -0.836763
14390.000343 10.109939 -1.079610
14380.000114 10.096555 -1.127096
14370.000839 10.323865 -0.954772
14360.000610 10.386473 -1.165116
14350.000381 10.355472 -0.960926
14340.000153 10.298009 -1.281957
14329.999924 10.241020 -1.317483
14319.999695 10.421501 -1.438386
14309.999466 10.482985 -1.702811
14300.000191 10.390708 -1.608202
14289.999962 10.365769 -1.969633
14280.000687 10.281591 -2.073416
14270.000458 10.390739 -2.081939
14260.000229 10.037746 -2.374023
14250.000000 9.967022 -2.534870
14239.999771 9.977608 -2.539854
14229.999542 10.152533 -2.575867
14220.000267 9.996930 -2.727883
14210.000038 10.043526 -2.823517
14200.000763 9.898034 -2.922617
14190.000534 9.606785 -3.006219
14180.000305 9.514481 -2.852505
14170.000076 9.379974 -3.169002
14159.999847 9.186187 -3.242355
14149.999619 8.927182 -3.152819
14140.000343 8.825764 -3.156567
14130.000114 8.829589 -3.214194
14120.000839 8.784604 -3.361883
14110.000610 8.734059 -3.171286
14100.000381 8.578054 -3.333605
14090.000153 8.492081 -3.111362
14079.999924 8.488264 -3.125855
14069.999695 8.600339 -3.273400
14059.999466 8.502871 -3.047390
14050.000191 8.551184 -3.118676
14039.999962 8.525654 -3.202937
14030.000687 8.548621 -3.169140
14020.000458 8.241930 -3.039300
14010.000229 8.308559 -3.093464
14000.000000 8.184563 -3.075457
13989.999771 8.225386 -2.928834
13980.000496 8.508052 -2.898128
13970.000267 8.294981 -2.710875
13960.000038 8.073260 -2.589442
13949.999809 8.317364 -2.370497
13940.000534 8.201032 -2.248963
13930.000305 8.193118 -2.137658
13920.000076 8.299898 -1.975495
13909.999847 8.066315 -1.832662
13900.000572 8.283963 -1.630547
13890.000343 8.295837 -1.406480
13880.000114 8.530320 -1.355865
13869.999886 8.077197 -1.369586
13860.000610 7.907854 -1.369138
13850.000381 7.847643 -1.266612
13840.000153 7.749682 -1.386369
13829.999924 7.770672 -1.386754
13820.000648 7.858748 -1.342458
13810.000420 7.844313 -1.411809
13800.000191 8.322697 -1.287593
13789.999962 8.093630 -1.477350
13779.999733 7.967046 -1.219082
13770.000458 7.948994 -1.199570
13760.000229 8.055083 -1.438601
13750.000000 8.261526 -1.205888
13739.999771 8.217948 -1.239576
13730.000496 8.238211 -1.189690
13720.000267 8.384010 -1.224188
13710.000038 8.389419 -1.216819
13699.999809 8.388874 -1.112047
13690.000534 8.344772 -1.287647
13680.000305 8.312259 -1.012054
13670.000076 8.383615 -1.085382
13659.999847 8.420318 -1.081753
13650.000572 8.428572 -1.118826
13640.000343 8.099291 -1.259496
13630.000114 8.239875 -1.150317
13619.999886 8.351459 -1.228130
13610.000610 8.223925 -1.117979
13600.000381 8.272152 -1.168789
13590.000153 8.237156 -1.137254
13579.999924 8.241390 -1.159656
13570.000648 8.427876 -1.202567
13560.000420 8.599312 -1.089819
13550.000191 8.451115 -1.225097
13539.999962 8.335481 -1.185587
13529.999733 8.267324 -1.210197
13520.000458 8.196018 -1.201113
13510.000229 8.282950 -1.163193
13500.000000 8.346917 -1.010075
13489.999771 8.563896 -1.074519
13480.000496 8.420406 -1.110543
13470.000267 8.559530 -1.077486
13460.000038 8.433003 -1.043630
13449.999809 8.283988 -1.163287
13440.000534 8.375331 -0.966309
13430.000305 8.288737 -1.226831
13420.000076 8.309834 -1.037739
13409.999847 8.569278 -1.071199
13400.000572 8.674770 -0.930673
13390.000343 8.433955 -1.059704
13380.000114 8.452680 -1.007430
13369.999886 8.502841 -0.878939
13360.000610 8.316858 -0.892067
13350.000381 8.733542 -1.003816
13340.000153 8.331864 -0.993918
13329.999924 8.307059 -0.834701
13320.000648 8.573258 -1.006349
13310.000420 8.408195 -0.949101
13300.000191 8.320413 -1.000613
13289.999962 8.407015 -0.972211
13279.999733 8.412111 -1.032237
13270.000458 8.443477 -0.929377
13260.000229 8.556229 -1.020259
13250.000000 8.519527 -0.891186
13239.999771 8.500935 -0.911476
13230.000496 8.468742 -1.026461
13220.000267 8.673589 -0.886488
13210.000038 8.354760 -1.195949
13199.999809 8.497002 -0.854916
13190.000534 8.533755 -0.931564
13180.000305 8.529541 -1.009110
13170.000076 8.486171 -0.947209
13159.999847 8.507851 -0.955527
13150.000572 8.637083 -0.826373
13140.000343 8.480257 -0.969801
13130.000114 8.340406 -0.790241
13119.999886 8.481624 -0.943698
13110.000610 8.532361 -0.798044
13100.000381 8.440678 -0.769337
13090.000153 8.498774 -0.826276
13079.999924 8.634220 -0.974782
13070.000648 8.278087 -1.067137
13060.000420 8.351049 -0.998038
13050.000191 8.318337 -0.788539
13039.999962 8.440906 -0.924001
13029.999733 8.252457 -0.925275
13020.000458 8.273375 -0.771381
13010.000229 8.249882 -0.839290
13000.000000 8.371834 -0.626142
12989.999771 8.324951 -0.969780
12980.000496 8.212861 -0.968050
12970.000267 8.196522 -0.848656
12960.000038 8.347806 -0.939717
12949.999809 8.391533 -0.963189
12940.000534 8.124066 -0.863409
12930.000305 8.377793 -0.822482
12920.000076 8.063670 -0.950467
12909.999847 8.129456 -0.730065
12900.000572 8.314537 -0.670997
12890.000343 8.341255 -0.621195
12880.000114 8.505436 -0.542707
12869.999886 8.461849 -0.550911
12860.000610 8.162834 -0.486503
12850.000381 8.195766 -0.421975
12840.000153 8.090574 -0.326569
12829.999924 8.164189 -0.229671
12820.000648 8.040503 -0.438087
12810.000420 8.147741 -0.190655
12800.000191 8.110577 -0.363603
12789.999962 8.266876 -0.205259
12779.999733 8.298575 -0.404956
12770.000458 8.243281 -0.229256
12760.000229 8.145690 -0.239795
12750.000000 8.064452 -0.123873
12739.999771 7.985227 -0.272194
12730.000496 8.110914 -0.153748
12720.000267 8.129222 -0.254054
12710.000038 8.139685 -0.351866
12699.999809 7.947766 -0.209568
12690.000534 7.960609 -0.209884
12680.000305 8.001140 -0.135709
12670.000076 8.067268 -0.199359
12659.999847 8.078481 -0.214274
12650.000572 8.138765 -0.294509
12640.000343 7.792267 -0.393400
12630.000114 7.870145 -0.267748
12619.999886 8.020119 -0.282267
12610.000610 7.916111 -0.248230
12600.000381 8.271723 -0.234821
12590.000153 8.238123 -0.269755
12579.999924 8.128516 -0.216460
12570.000648 8.012214 -0.159357
12560.000420 7.974545 -0.201381
12550.000191 7.960625 -0.173137
12539.999962 7.950096 -0.292707
12530.000687 8.015527 -0.146186
12520.000458 7.877626 -0.162151
12510.000229 7.793791 -0.210336
12500.000000 7.844434 -0.171897
12489.999771 7.852851 -0.277062
12480.000496 7.620004 -0.247652
12470.000267 7.816629 -0.232956
12460.000038 7.820864 -0.313719
12449.999809 7.832524 -0.140791
12440.000534 7.696148 -0.135882
12430.000305 7.610830 -0.158633
12420.000076 7.739880 -0.302084
12409.999847 7.726180 -0.063906
12400.000572 7.703820 -0.218040
12390.000343 7.621804 -0.214444
12380.000114 7.695234 -0.229106
12369.999886 7.643645 -0.199980
12360.000610 7.556968 -0.198114
12350.000381 7.489699 -0.273090
12340.000153 7.587441 -0.139350
12329.999924 7.604456 -0.102634
12320.000648 7.785031 -0.036639
12310.000420 7.568397 -0.126867
12300.000191 7.649370 -0.169736
12289.999962 7.544385 -0.179160
12280.000687 7.549108 -0.150642
12270.000458 7.496553 -0.086698
12260.000229 7.597230 -0.102320
12250.000000 7.567471 -0.191589
12239.999771 7.591412 -0.193362
12230.000496 7.626701 -0.104622
12220.000267 7.530274 -0.125877
12210.000038 7.652981 -0.305968
12199.999809 7.735499 0.004675
12190.000534 7.636803 -0.173325
12180.000305 7.511918 -0.041432
12170.000076 7.464283 -0.093757
12159.999847 7.336143 -0.041942
12150.000572 7.489500 0.024632
12140.000343 7.422640 -0.101088
12130.000114 7.581567 0.064221
12119.999886 7.319351 -0.140740
12110.000610 7.288689 -0.017919
12100.000381 7.356576 -0.213609
12090.000153 7.466396 -0.005690
12079.999924 7.700950 -0.162708
12070.000648 7.619712 -0.071350
12060.000420 7.494141 -0.169230
12050.000191 7.490315 0.097676
12039.999962 7.426887 -0.065261
12030.000687 7.613451 -0.168039
12020.000458 7.529957 -0.068946
12010.000229 7.703185 -0.106182
12000.000000 7.737815 0.102009
11989.999771 7.519252 -0.123160
11980.000496 7.789563 -0.036004
11970.000267 7.811461 -0.067727
11960.000038 7.935586 -0.096961
11949.999809 8.157007 -0.050206
11940.000534 7.878633 -0.162285
11930.000305 7.786890 -0.056088
11920.000076 8.002734 0.041817
11909.999847 7.965047 -0.137202
11900.000572 8.002065 -0.013201
11890.000343 7.889130 -0.009233
11880.000114 8.162040 -0.076904
11869.999886 7.825001 -0.016031
11860.000610 7.975595 -0.097582
11850.000381 7.906029 0.029269
11840.000153 7.970426 0.021951
11829.999924 8.007834 0.045412
11820.000648 7.871920 0.016453
11810.000420 8.132115 0.101016
11800.000191 7.928273 -0.135773
11789.999962 7.992462 -0.008914
11780.000687 8.069002 0.018307
11770.000458 8.223548 -0.031008
11760.000229 8.167509 -0.020624
11750.000000 8.373695 0.000698
11739.999771 8.383944 0.090653
11730.000496 8.095476 0.170511
11720.000267 8.204035 0.049844
11710.000038 8.274743 0.062460
11699.999809 8.226647 0.154316
11690.000534 8.089167 -0.013706
11680.000305 8.138235 0.039004
11670.000076 8.263207 0.202602
11659.999847 8.176232 -0.048476
11650.000572 8.193887 0.057883
11640.000343 8.332989 -0.008036
11630.000114 8.468037 0.003484
11619.999886 8.439774 -0.010383
11610.000610 8.413650 0.068622
11600.000381 8.254074 0.104541
11590.000153 8.555095 0.080360
11579.999924 8.522651 0.098106
11570.000648 8.324412 0.047158
11560.000420 8.575352 0.237554
11550.000191 8.672463 0.028709
11539.999962 8.658792 0.019711
11530.000687 8.802082 0.178073
11520.000458 8.678534 0.102895
11510.000229 8.616226 0.049944
11500.000000 8.561597 -0.127562
11489.999771 8.764690 0.027188
11480.000496 8.642808 -0.078773
11470.000267 8.652638 0.016299
11460.000038 8.677486 -0.008205
11449.999809 8.497674 -0.021243
11440.000534 8.640324 0.053784
11430.000305 8.701749 0.047722
11420.000076 8.569194 0.017896
11409.999847 8.786257 0.034522
11400.000572 8.741347 0.120589
11390.000343 8.595172 0.099484
11380.000114 8.730855 0.111195
11369.999886 8.547219 -0.020084
11360.000610 8.922856 0.068275
11350.000381 8.832732 0.022643
11340.000153 8.834227 0.133657
11329.999924 8.897826 -0.134496
11320.000648 8.930403 0.068805
11310.000420 8.619778 0.023498
11300.000191 8.788740 0.187974
11289.999962 8.926096 0.018530
11280.000687 8.645488 -0.100885
11270.000458 8.630407 0.051970
11260.000229 8.787334 -0.010676
11250.000000 8.647528 0.090394
11239.999771 8.594412 -0.113817
11230.000496 8.519449 0.123076
11220.000267 8.638733 0.061831
11210.000038 8.671072 0.177993
11199.999809 8.981113 0.132145
11190.000534 8.648011 0.146117
11180.000305 8.489649 0.183313
11170.000076 8.499079 0.167631
11159.999847 8.437746 0.135353
11150.000572 8.724362 0.019287
11140.000343 8.523880 0.072059
11130.000114 8.429045 0.185638
11119.999886 8.652238 0.174082
11110.000610 8.735336 0.301961
11100.000381 8.676934 0.165993
11090.000153 8.590392 0.129607
11079.999924 8.750262 0.196215
11070.000648 8.729465 0.192840
11060.000420 8.474285 0.131986
11050.000191 8.744601 0.211755
11039.999962 8.877528 0.114627
11030.000687 8.699073 0.248332
11020.000458 8.884284 0.218996
11010.000229 8.655604 0.287490
11000.000000 8.732006 0.336926
10989.999771 9.040473 0.251086
10980.000496 8.682310 0.314902
10970.000267 8.725983 0.273419
10960.000038 8.683433 0.236211
10949.999809 8.718855 0.322736
10940.000534 8.569803 0.318676
10930.000305 8.552407 0.325532
10920.000076 8.690247 0.336005
10909.999847 8.582030 0.269601
10900.000572 8.789107 0.223084
10890.000343 8.810230 0.342101
10880.000114 8.742722 0.354671
10869.999886 8.818131 0.287155
10860.000610 8.814377 0.337194
10850.000381 8.918765 0.409437
10840.000153 8.661832 0.269928
10829.999924 8.905706 0.461715
10820.000648 8.632649 0.387478
10810.000420 8.861967 0.322450
10800.000191 8.784574 0.494144
10789.999962 8.777526 0.313552
10780.000687 8.661610 0.277873
10770.000458 8.774378 0.419594
10760.000229 8.670917 0.388604
10750.000000 8.853310 0.391427
10740.000725 8.908917 0.436887
10730.000496 8.807919 0.427085
10720.000267 8.857388 0.339242
10710.000038 8.735800 0.295277
10699.999809 8.793612 0.355261
10690.000534 8.884656 0.442161
10680.000305 8.821904 0.414574
10670.000076 8.689505 0.446691
10659.999847 8.997421 0.370685
10650.000572 8.910551 0.453527
10640.000343 8.787763 0.478385
10630.000114 8.897590 0.411607
10619.999886 8.820079 0.547996
10610.000610 8.660493 0.394775
10600.000381 8.792438 0.470754
10590.000153 8.661869 0.410545
10579.999924 8.952252 0.411256
10570.000648 9.106562 0.488845
10560.000420 9.026020 0.405240
10550.000191 9.115296 0.487033
10539.999962 8.881392 0.300247
10530.000687 8.836760 0.527018
10520.000458 8.824336 0.551808
10510.000229 8.872304 0.455196
10500.000000 9.055416 0.462539
10490.000725 8.912021 0.555385
10480.000496 9.141775 0.464556
10470.000267 8.904141 0.476459
10460.000038 9.018853 0.493408
10449.999809 8.892176 0.423574
10440.000534 8.898349 0.581670
10430.000305 8.914269 0.504469
10420.000076 8.803556 0.449464
10409.999847 8.968867 0.571846
10400.000572 8.895602 0.472189
10390.000343 8.859108 0.503907
10380.000114 8.746390 0.465277
10369.999886 8.846626 0.639210
10360.000610 8.829840 0.644344
10350.000381 8.888217 0.451605
10340.000153 8.967829 0.489881
10329.999924 8.904917 0.579363
10320.000648 9.212396 0.633785
10310.000420 8.939069 0.512942
10300.000191 8.951883 0.558419
10289.999962 8.906735 0.616125
10280.000687 9.061197 0.541784
10270.000458 8.766602 0.573269
10260.000229 8.742786 0.519835
10250.000000 8.947673 0.524178
10240.000725 8.890757 0.549408
10230.000496 9.046625 0.588860
10220.000267 9.008750 0.626448
10210.000038 9.032801 0.710721
10199.999809 9.101206 0.374359
10190.000534 9.363432 0.749382
10180.000305 9.255068 0.564507
10170.000076 9.123531 0.726003
10159.999847 9.111089 0.671992
10150.000572 9.178571 0.469506
10140.000343 9.032405 0.685041
10130.000114 9.147915 0.544362
10119.999886 9.174576 0.590767
10110.000610 9.026142 0.635901
10100.000381 9.168681 0.717872
10090.000153 9.225173 0.724972
10079.999924 9.030790 0.616328
10070.000648 9.167903 0.759894
10060.000420 9.169666 0.639468
10050.000191 9.143707 0.701293
10039.999962 9.085250 0.620039
10030.000687 9.077626 0.649468
10020.000458 9.027337 0.632176
10010.000229 9.283147 0.719194
10000.000000 9.262571 0.621362
9990.000725 9.227514 0.678498
9980.000496 9.286313 0.726596
9970.000267 9.232353 0.547528
9960.000038 9.141345 0.812384
9949.999809 9.147313 0.573999
9940.000534 9.212710 0.577118
9930.000305 9.096375 0.705047
9920.000076 9.174163 0.606108
9909.999847 9.261385 0.706214
9900.000572 9.531596 0.712896
9890.000343 9.471148 0.473010
9880.000114 9.098900 0.687577
9869.999886 9.050507 0.838817
9860.000610 9.257602 0.792767
9850.000381 9.277766 0.827686
9840.000153 9.161710 0.589651
9829.999924 9.143072 0.647763
9820.000648 9.136229 0.766784
9810.000420 9.133650 0.747448
9800.000191 9.210401 0.590477
9789.999962 9.028694 0.756752
9780.000687 9.151348 0.643766
9770.000458 9.434360 0.835097
9760.000229 9.372407 0.864922
9750.000000 9.096543 0.620683
9740.000725 9.262506 0.698242
9730.000496 9.298381 0.748380
9720.000267 9.531610 0.658411
9710.000038 9.302922 0.679502
9699.999809 9.206883 0.894055
9690.000534 9.297127 0.738327
9680.000305 9.102293 0.755051
9670.000076 9.119881 0.777860
9659.999847 9.121990 0.846677
9650.000572 9.069387 0.773883
9640.000343 9.268125 0.638510
9630.000114 9.157185 0.587326
9619.999886 9.278208 0.764345
9610.000610 9.138680 0.732308
9600.000381 9.106683 0.723388
9590.000153 9.215899 0.701189
9579.999924 9.159058 0.668406
9570.000648 9.271158 0.812637
9560.000420 9.249212 0.731428
9550.000191 9.167330 0.696110
9539.999962 9.193955 0.832301
9530.000687 9.125024 0.719759
9520.000458 9.148638 0.755537
9510.000229 9.216481 0.780322
9500.000000 9.167526 0.817948
9490.000725 9.161804 0.808179
9480.000496 9.371963 0.864860
9470.000267 9.381340 0.803225
9460.000038 9.474401 0.633789
9449.999809 9.410747 0.721862
9440.000534 9.355741 0.772420
9430.000305 9.339542 0.893911
9420.000076 9.472918 0.692103
9409.999847 9.444912 0.825053
9400.000572 9.142941 0.773825
9390.000343 9.080222 0.809701
9380.000114 9.389456 0.902327
9369.999886 9.105022 0.824668
9360.000610 9.140908 0.858429
9350.000381 9.079029 0.869932
9340.000153 9.140097 0.792461
9329.999924 9.134285 0.916849
9320.000648 9.239597 0.716045
9310.000420 9.035336 0.935301
9300.000191 9.110357 0.902726
9289.999962 9.103378 0.884777
9280.000687 9.290570 0.799571
9270.000458 9.204858 0.838910
9260.000229 9.393814 0.814526
9250.000000 9.243532 0.767597
9240.000725 9.511411 0.856401
9230.000496 9.207946 0.832193
9220.000267 9.300720 0.855435
9210.000038 9.290117 0.926070
9200.000763 9.307562 0.857016
9190.000534 9.402467 0.930965
9180.000305 9.433320 0.821655
9170.000076 9.243856 0.697102
9159.999847 9.183512 0.871304
9150.000572 9.312842 0.747184
9140.000343 9.494913 1.034819
9130.000114 9.268273 0.691908
9119.999886 9.335433 0.706487
9110.000610 9.457629 0.891942
9100.000381 9.258095 0.811314
9090.000153 9.138984 1.065629
9079.999924 9.043017 0.743872
9070.000648 9.129794 0.775139
9060.000420 9.084356 0.884089
9050.000191 9.244267 0.650283
9039.999962 9.421403 0.785366
9030.000687 9.400006 0.748003
9020.000458 9.180908 0.782316
9010.000229 9.297649 0.703748
9000.000000 9.229407 0.916213
8990.000725 9.184767 0.844697
8980.000496 9.166904 0.671131
8970.000267 9.417500 0.924623
8960.000038 9.401782 0.833456
8950.000763 9.327457 0.878377
8940.000534 9.251462 0.877724
8930.000305 9.194997 0.836385
8920.000076 9.242812 1.032400
8909.999847 9.204353 0.838334
8900.000572 9.061818 0.941905
8890.000343 8.895892 0.907319
8880.000114 9.046217 0.856696
8869.999886 9.314496 1.018257
8860.000610 9.130923 0.753507
8850.000381 9.178296 0.811201
8840.000153 9.071867 0.861969
8829.999924 8.974432 0.788321
8820.000648 9.026038 0.908452
8810.000420 8.936337 0.884118
8800.000191 9.183524 0.822349
8789.999962 8.855571 1.010332
8780.000687 8.851433 0.950450
8770.000458 9.131928 0.844850
8760.000229 9.011932 0.874178
8750.000000 9.284403 0.893775
8740.000725 9.143384 0.776670
8730.000496 9.091280 1.075364
8720.000267 8.894335 0.876009
8710.000038 9.112551 0.934945
8700.000763 9.223502 1.029169
8690.000534 8.911645 0.895565
8680.000305 9.046286 0.826914
8670.000076 9.139206 0.966479
8659.999847 8.926885 0.950033
8650.000572 8.724849 0.868138
8640.000343 9.092429 0.789266
8630.000114 9.254301 0.814890
8619.999886 8.903508 0.883089
8610.000610 9.033640 0.945591
8600.000381 9.043046 0.723487
8590.000153 9.032544 0.811400
8579.999924 8.837196 0.795010
8570.000648 9.168054 0.924954
8560.000420 8.842701 0.976700
8550.000191 9.033659 0.980778
8539.999962 8.924628 0.738061
8530.000687 8.992230 0.815582
8520.000458 8.913926 0.900398
8510.000229 8.977876 0.784790
8500.000000 9.216813 0.864581
8490.000725 9.104093 0.782405
8480.000496 8.767401 1.010851
8470.000267 8.841121 0.878968
8460.000038 8.920891 0.880773
8450.000763 8.892185 0.810923
8440.000534 9.222580 0.879111
8430.000305 8.972713 0.866790
8420.000076 8.810803 0.891785
8409.999847 9.051310 0.887247
8400.000572 8.946585 0.980407
8390.000343 8.955933 0.836670
8380.000114 8.954051 0.756275
8369.999886 8.973374 0.829017
8360.000610 8.904627 0.868666
8350.000381 9.005852 0.766280
8340.000153 9.051725 0.820364
8329.999924 8.851019 0.797721
8320.000648 8.891731 0.779779
8310.000420 8.890120 0.728169
8300.000191 9.067970 0.680695
8289.999962 9.105424 0.770526
8280.000687 9.093189 0.964014
8270.000458 8.974171 0.822543
8260.000229 8.865736 0.835171
8250.000000 9.054101 0.906024
8240.000725 9.140427 0.950675
8230.000496 9.123650 0.769088
8220.000267 9.152708 0.943447
8210.000038 9.208162 0.772058
8200.000763 9.112093 0.906213
8190.000534 8.766693 0.915935
8180.000305 8.764167 0.729048
8170.000076 8.764032 0.855071
8159.999847 8.870223 0.859383
8150.000572 9.091701 0.884368
8140.000343 9.125257 0.787550
8130.000114 9.063475 0.976549
8119.999886 8.852425 0.852876
8110.000610 9.081907 0.941529
8100.000381 9.054280 0.657364
8090.000153 9.021616 1.017120
8079.999924 8.982623 0.938714
8070.000648 8.830445 0.784951
8060.000420 9.119824 0.907466
8050.000191 9.147907 0.967943
8039.999962 8.855555 0.859433
8030.000687 8.979681 0.969749
8020.000458 8.890996 0.870910
8010.000229 8.794019 0.857175
8000.000000 8.998313 0.817987
7990.000725 9.343164 0.860657
7980.000496 9.365607 0.888846
7970.000267 9.295728 0.812574
7960.000038 9.243361 0.905999
7950.000763 9.332422 0.856670
7940.000534 9.462488 0.896658
7930.000305 9.447145 0.738133
7920.000076 9.502007 0.850154
7909.999847 9.262820 0.953924
7900.000572 9.508905 0.918990
7890.000343 9.495919 0.787441
7880.000114 9.323539 0.962442
7869.999886 9.230670 0.863978
7860.000610 9.439777 0.807647
7850.000381 9.465890 0.801355
7840.000153 9.215630 0.738495
7829.999924 9.436422 1.048764
7820.000648 9.512676 0.743284
7810.000420 9.451675 0.858201
7800.000191 9.270161 0.772128
7789.999962 9.507068 0.796730
7780.000687 9.581182 0.861035
7770.000458 9.511460 0.826392
7760.000229 9.424024 0.907526
7750.000000 9.561064 0.818377
7740.000725 9.591979 0.825075
7730.000496 9.574058 0.774548
7720.000267 9.549801 0.817834
7710.000038 9.439586 0.769550
7700.000763 9.696989 0.851550
7690.000534 9.834747 0.921687
7680.000305 9.447753 0.855541
7670.000076 9.301815 1.036488
7659.999847 9.496882 0.848029
7650.000572 9.697595 0.881061
7640.000343 9.687395 1.084547
7630.000114 9.227853 0.734257
7619.999886 9.590469 0.897769
7610.000610 9.419534 0.779483
7600.000381 9.599495 0.920882
7590.000153 9.623242 0.798665
7579.999924 9.892577 0.850292
7570.000648 9.882633 0.744367
7560.000420 9.915049 0.938440
7550.000191 9.565859 0.743828
7539.999962 9.474970 0.875973
7530.000687 9.441905 0.847522
7520.000458 9.522614 0.775295
7510.000229 9.685744 1.031161
7500.000000 9.726620 0.910355
7490.000725 9.516092 0.798226
7480.000496 9.544022 0.964104
7470.000267 9.644969 0.833867
7460.000038 9.543412 0.800124
7450.000763 9.369249 0.797696
7440.000534 9.749581 0.907056
7430.000305 9.778141 0.863263
7420.000076 9.698373 0.881545
7410.000801 9.385440 0.920021
7400.000572 9.353496 0.849944
7390.000343 9.428334 0.862301
7380.000114 9.513667 0.914546
7369.999886 9.524307 0.885257
7360.000610 9.484693 0.907769
7350.000381 9.604572 0.966954
7340.000153 9.500605 0.943212
7329.999924 9.444255 0.916055
7320.000648 9.267287 0.943872
7310.000420 9.437667 0.891907
7300.000191 9.571529 0.977701
7289.999962 9.736282 0.943163
7280.000687 9.540975 1.068977
7270.000458 9.635800 1.057617
7260.000229 9.348940 1.027549
7250.000000 9.231027 0.809349
7240.000725 9.457047 0.844671
7230.000496 9.559690 0.839367
7220.000267 9.347713 1.092227
7210.000038 9.481184 0.969546
7200.000763 9.643743 0.927230
7190.000534 9.599395 0.884603
7180.000305 9.634804 0.954034
7170.000076 9.500501 1.013533
7160.000801 9.680356 0.933823
7150.000572 9.622695 0.925316
7140.000343 9.706717 0.992518
7130.000114 9.956337 0.996624
7119.999886 9.760672 0.998506
7110.000610 9.693321 1.069538
7100.000381 9.624544 1.014144
7090.000153 9.794438 0.842079
7079.999924 9.562014 0.941357
7070.000648 9.471697 1.000183
7060.000420 9.419236 0.791999
7050.000191 9.782983 0.815568
7039.999962 9.619312 0.917626
7030.000687 9.830640 0.761556
7020.000458 9.445663 0.726810
7010.000229 9.534961 0.971049
7000.000000 9.582236 1.028943
6990.000725 9.772600 1.086041
6980.000496 9.415983 0.874096
6970.000267 9.593491 0.751558
6960.000038 9.463789 0.914020
6950.000763 9.500085 0.860577
6940.000534 9.425475 0.984259
6930.000305 9.627812 0.899619
6920.000076 9.451107 1.017411
6910.000801 9.635370 0.912531
6900.000572 9.771781 0.834909
6890.000343 9.741944 0.787190
6880.000114 9.647008 0.930974
6869.999886 9.573020 0.898038
6860.000610 9.598187 0.896910
6850.000381 9.551312 0.914814
6840.000153 9.480901 0.905624
6829.999924 9.543035 0.820667
6820.000648 9.716642 0.851248
6810.000420 9.516220 0.929914
6800.000191 9.626103 0.969517
6789.999962 9.509909 0.992912
6780.000687 9.573213 0.800637
6770.000458 9.683207 0.901869
6760.000229 9.659501 0.888236
6750.000000 9.467330 0.861389
6740.000725 9.615733 1.032675
6730.000496 9.812079 0.913331
6720.000267 9.809670 0.969691
6710.000038 9.945159 0.795715
6700.000763 9.966484 1.033755
6690.000534 9.902894 0.983657
6680.000305 9.705047 0.909469
6670.000076 9.797608 0.866610
6660.000801 9.970843 0.910954
6650.000572 9.868674 0.985476
6640.000343 9.817332 0.787576
6630.000114 9.911635 0.955057
6619.999886 10.044121 0.921387
6610.000610 10.101984 0.908779
6600.000381 9.824514 0.762724
6590.000153 9.887996 0.766074
6579.999924 9.851055 0.864527
6570.000648 9.837597 0.872444
6560.000420 9.798494 0.821076
6550.000191 9.876835 0.931769
6539.999962 9.785312 0.931884
6530.000687 9.874911 0.979878
6520.000458 9.859630 0.835352
6510.000229 9.950896 0.762550
6500.000000 9.855705 0.844261
6490.000725 9.666249 0.863588
6480.000496 9.562920 0.771864
6470.000267 9.806844 0.874953
6460.000038 9.846954 0.903720
6450.000763 9.745061 0.745023
6440.000534 9.906184 0.814497
6430.000305 9.887309 0.807727
6420.000076 9.661523 0.910143
6410.000801 10.080597 0.759353
6400.000572 9.816780 0.881741
6390.000343 9.714708 0.824430
6380.000114 9.726076 0.766973
6369.999886 9.702532 0.756322
6360.000610 9.727726 0.755551
6350.000381 9.907350 0.989777
6340.000153 9.929865 0.759302
6329.999924 9.724992 0.800850
6320.000648 9.945587 0.832114
6310.000420 9.905953 0.908407
6300.000191 9.634628 0.949818
6289.999962 9.747597 0.615162
6280.000687 9.727711 0.779817
6270.000458 9.765312 0.772887
6260.000229 9.630039 0.822159
6250.000000 9.528080 0.843360
6240.000725 9.712886 0.905592
6230.000496 9.692686 0.893183
6220.000267 9.402100 0.791799
6210.000038 9.427930 0.842358
6200.000763 9.779746 0.862138
6190.000534 10.014836 0.771315
6180.000305 9.621172 0.786345
6170.000076 9.542876 0.812522
6160.000801 9.630777 0.916818
6150.000572 9.582691 0.826716
6140.000343 9.604346 0.881531
6130.000114 9.563982 0.855819
6119.999886 9.696986 0.859630
6110.000610 9.588802 0.852873
6100.000381 9.804845 0.811504
6090.000153 9.737675 0.884610
6079.999924 9.729153 0.923840
6070.000648 9.731934 0.946753
6060.000420 9.693702 1.028697
6050.000191 9.357997 0.884896
6039.999962 9.637046 0.886825
6030.000687 9.520397 0.899026
6020.000458 9.932754 1.010353
6010.000229 10.015308 0.768628
6000.000000 9.944863 0.915172
5989.999771 9.718613 0.791345
5979.999542 9.925926 0.792370
5970.001221 9.760764 0.963802
5960.000992 9.845308 0.795686
5950.000763 10.140847 0.935727
5940.000534 9.882595 0.920025
5930.000305 10.026759 0.835997
5920.000076 10.033000 0.906219
5909.999847 10.024422 0.744076
5899.999619 9.971036 0.936066
5890.001297 10.036190 0.756501
5880.001068 9.869730 0.903761
5870.000839 10.026028 0.897053
5860.000610 10.025731 0.857188
5850.000381 9.907826 0.820231
5840.000153 10.193957 0.976677
5829.999924 10.051066 0.881786
5819.999695 9.776311 0.745084
5809.999466 9.943000 0.880448
5800.001144 9.866950 0.932390
5790.000916 9.893951 0.764245
5780.000687 10.026280 0.933216
5770.000458 9.784215 0.901522
5760.000229 9.741727 0.795152
5750.000000 9.681457 0.723513
5739.999771 9.927297 0.842274
5729.999542 10.033210 0.914941
5720.001221 9.838951 0.770418
5710.000992 10.116937 0.875781
5700.000763 9.850676 0.823112
5690.000534 9.771701 1.021368
5680.000305 9.623084 0.861090
5670.000076 9.828518 1.044357
5659.999847 9.994280 0.798527
5649.999619 9.593921 0.820434
5640.001297 10.107482 0.986416
5630.001068 10.008693 0.945314
5620.000839 9.929974 0.814039
5610.000610 9.785408 0.838413
5600.000381 9.800871 0.909157
5590.000153 9.845955 0.868982
5579.999924 9.930520 1.020924
5569.999695 9.998569 0.980126
5559.999466 9.805598 0.937670
5550.001144 9.772117 0.915762
5540.000916 9.873098 0.951861
5530.000687 10.017364 0.786763
5520.000458 10.088062 0.917635
5510.000229 9.966767 0.919704
5500.000000 9.742094 0.839319
5489.999771 10.051452 0.821459
5479.999542 9.854290 1.034544
5470.001221 9.778306 0.871547
5460.000992 9.726768 0.885159
5450.000763 9.804148 0.838560
5440.000534 9.724074 0.858651
5430.000305 9.679853 0.893856
5420.000076 9.788944 0.950389
5409.999847 9.736897 0.811627
5399.999619 9.854885 0.993835
5390.001297 9.697897 0.876252
5380.001068 9.701978 0.961146
5370.000839 9.791833 0.963260
5360.000610 9.758362 0.801220
5350.000381 9.699907 0.994816
5340.000153 9.668481 1.050008
5329.999924 9.788903 0.887769
5319.999695 9.914742 1.083395
5309.999466 9.899187 0.837139
5300.001144 9.781341 0.747042
5290.000916 10.067449 1.020552
5280.000687 9.939652 0.935598
5270.000458 9.813193 0.920622
5260.000229 9.588716 0.971725
5250.000000 9.810947 0.940651
5239.999771 9.545364 0.663820
5229.999542 9.843369 0.714453
5220.001221 9.901848 0.843528
5210.000992 9.717983 0.926688
5200.000763 9.610683 0.777069
5190.000534 9.775323 0.857985
5180.000305 9.703702 0.961293
5170.000076 9.466429 0.840722
5159.999847 9.668073 0.862654
5149.999619 9.585801 0.952954
5140.001297 9.801148 0.946975
5130.001068 9.942201 0.887031
5120.000839 9.804846 0.913604
5110.000610 9.789809 1.077834
5100.000381 9.643525 0.875928
5090.000153 9.674738 0.977873
5079.999924 9.631867 0.933632
5069.999695 9.577238 1.014067
5059.999466 9.631757 1.049542
5050.001144 9.808389 0.990851
5040.000916 9.941342 1.006230
5030.000687 10.127556 1.019181
5020.000458 9.857580 1.021486
5010.000229 9.889071 1.032404
5000.000000 9.876008 1.117859
4989.999771 10.044337 1.113583
4979.999542 9.849858 0.930380
4970.001221 9.924499 1.117154
4960.000992 9.924777 1.291080
4950.000763 9.969889 1.065480
4940.000534 9.817390 1.116093
4930.000305 9.911993 1.183380
4920.000076 10.090727 1.150230
4909.999847 9.976903 1.378734
4899.999619 9.837498 1.075321
4890.001297 9.967563 1.060115
4880.001068 10.020318 1.218798
4870.000839 9.598444 1.063104
4860.000610 10.167977 1.117779
4850.000381 10.077505 1.175772
4840.000153 9.988922 1.038517
4829.999924 10.058928 1.072885
4819.999695 10.167730 1.171487
4809.999466 10.111877 1.144322
4800.001144 9.960199 1.190436
4790.000916 9.893176 1.235788
4780.000687 9.798038 1.252837
4770.000458 9.828818 1.141323
4760.000229 9.844084 1.208076
4750.000000 9.847207 1.237009
4739.999771 9.996928 1.075346
4729.999542 10.187963 1.178188
4720.001221 9.936374 1.198006
4710.000992 10.207979 1.237217
4700.000763 10.083501 1.068841
4690.000534 10.127131 1.103076
4680.000305 10.183152 1.058148
4670.000076 10.233659 1.090078
4659.999847 10.272623 1.055467
4649.999619 10.204107 1.265814
4640.001297 10.096625 1.061249
4630.001068 10.241677 1.127815
4620.000839 10.149948 1.088803
4610.000610 10.044798 1.148769
4600.000381 10.178083 1.287548
4590.000153 9.896241 1.190219
4579.999924 9.971149 0.902453
4569.999695 10.081809 1.056073
4559.999466 9.898855 1.242575
4550.001144 10.169551 1.090728
4540.000916 9.966051 1.041209
4530.000687 9.978624 1.149677
4520.000458 9.977348 1.188606
4510.000229 10.052274 1.197967
4500.000000 9.823459 1.170797
4489.999771 9.893412 1.080578
4479.999542 9.842971 1.120927
4470.001221 9.799039 1.135914
4460.000992 9.853403 1.251004
4450.000763 9.745868 1.213561
4440.000534 10.067659 1.175478
4430.000305 10.079343 1.065758
4420.000076 10.060046 1.214652
4409.999847 10.041584 1.367465
4399.999619 10.151253 1.276614
4390.001297 10.095261 1.160168
4380.001068 9.739905 1.091957
4370.000839 10.027515 1.268113
4360.000610 10.031281 1.080658
4350.000381 9.889275 1.107872
4340.000153 9.778127 1.240223
4329.999924 9.814758 1.158641
4319.999695 9.846655 1.172875
4309.999466 9.873926 1.094511
4300.001144 9.778570 1.106054
4290.000916 9.854944 1.105880
4280.000687 9.830301 1.216969
4270.000458 9.812124 1.198548
4260.000229 9.785041 1.168572
4250.000000 9.657650 1.218815
4239.999771 9.567154 1.196248
4229.999542 9.964111 1.232654
4220.001221 10.222220 1.192877
4210.000992 9.991839 1.176859
4200.000763 9.876702 1.286669
4190.000534 9.961260 1.181284
4180.000305 9.977907 1.139585
4170.000076 9.841430 1.021587
4159.999847 10.019254 1.075990
4149.999619 10.014897 1.242965
4140.001297 9.882968 1.180382
4130.001068 9.867570 1.024615
4120.000839 9.843855 1.198337
4110.000610 9.540266 1.181295
4100.000381 9.739273 1.236841
4090.000153 9.716047 1.086096
4079.999924 9.657731 1.065473
4069.999695 9.573198 1.138808
4059.999466 9.899262 1.002049
4050.001144 9.935641 1.368050
4040.000916 9.816857 1.157110
4030.000687 9.742584 1.218681
4020.000458 9.825257 1.166485
4010.000229 9.834606 1.165118
4000.000000 9.888806 1.238272
3989.999771 9.940006 1.232435
3979.999542 10.114629 1.174867
3970.001221 10.134741 1.228225
3960.000992 10.113673 1.094226
3950.000763 10.131088 1.097961
3940.000534 10.124676 1.107243
3930.000305 10.045259 1.227869
3920.000076 10.042945 1.165796
3909.999847 10.105924 1.162413
3899.999619 10.124827 1.251652
3890.001297 10.253417 1.478787
3880.001068 10.145005 1.159825
3870.000839 9.944403 1.144077
3860.000610 9.894240 1.092519
3850.000381 9.828042 1.283217
3840.000153 9.946752 0.994285
3829.999924 9.787747 1.106048
3819.999695 9.749759 1.083395
3809.999466 9.732715 1.173776
3800.001144 9.897928 1.020783
3790.000916 10.096478 1.240727
3780.000687 9.978055 1.084496
3770.000458 10.175451 1.351939
3760.000229 10.070665 1.205425
3750.000000 9.971526 1.246927
3739.999771 10.050090 1.120320
3729.999542 9.816414 1.154505
3720.001221 9.783487 1.256392
3710.000992 9.905455 1.107587
3700.000763 10.047405 1.155875
3690.000534 10.124893 1.084135
3680.000305 10.111000 1.220666
3670.000076 9.976769 1.137841
3659.999847 10.068725 1.118960
3649.999619 9.675947 1.094551
3640.001297 10.003048 1.255988
3630.001068 10.146301 1.218256
3620.000839 9.974975 1.209718
3610.000610 9.858328 1.033271
3600.000381 9.832563 1.189869
3590.000153 9.993667 1.240382
3579.999924 10.085587 1.130452
3569.999695 10.105381 1.132297
3559.999466 9.910736 1.232674
3550.001144 9.964499 1.074535
3540.000916 9.839275 1.201428
3530.000687 9.899672 1.105606
3520.000458 9.838269 1.099521
3510.000229 9.799233 1.105701
3500.000000 9.638015 1.059636
3489.999771 9.828665 1.136009
3479.999542 10.056333 1.067835
3470.001221 10.138838 1.303670
3460.000992 10.013832 1.068670
3450.000763 9.835740 1.093788
3440.000534 10.131067 1.123606
3430.000305 9.924665 1.234301
3420.000076 9.958120 1.152734
3409.999847 9.888395 1.217193
3399.999619 9.679391 1.129428
3390.001297 9.782548 1.175553
3380.001068 9.831335 1.337244
3370.000839 9.787359 1.101771
3360.000610 9.765838 1.066544
3350.000381 10.019510 1.219766
3340.000153 10.257541 1.264329
3329.999924 9.953857 1.065675
3319.999695 9.852479 0.996426
3309.999466 9.841345 1.140297
3300.001144 9.833680 1.151684
3290.000916 9.908247 1.138759
3280.000687 9.901843 1.012928
3270.000458 9.894000 1.121155
3260.000229 10.181450 1.132119
3250.000000 10.135516 1.068071
3239.999771 9.806208 1.221706
3229.999542 9.921227 1.015499
3220.001221 9.909760 1.035620
3210.000992 9.690885 1.144677
3200.000763 9.893751 1.126629
3190.000534 9.607838 1.083550
3180.000305 9.787783 1.174381
3170.000076 9.878865 1.279154
3159.999847 9.923021 1.172262
3149.999619 9.946578 1.121733
3140.001297 10.282795 1.285725
3130.001068 10.047191 1.306020
3120.000839 10.047933 1.118154
3110.000610 9.975947 1.187104
3100.000381 10.215545 1.281733
3090.000153 10.079407 1.214430
3079.999924 10.056361 1.071611
3069.999695 10.027802 1.191042
3060.001373 10.035025 1.069970
3050.001144 10.111491 1.215773
3040.000916 10.061878 1.287954
3030.000687 9.908630 1.249385
3020.000458 10.128129 1.145780
3010.000229 10.151047 1.162849
3000.000000 10.154698 1.154143
2989.999771 10.325244 1.187560
2979.999542 10.290430 1.208704
2970.001221 10.103570 1.164019
2960.000992 10.034378 1.136968
2950.000763 10.075088 1.145954
2940.000534 9.975587 1.180686
2930.000305 10.128648 1.106534
2920.000076 10.077756 1.079896
2909.999847 9.920269 1.114515
2899.999619 9.901791 1.157615
2890.001297 9.988319 1.035910
2880.001068 10.116973 1.059149
2870.000839 9.933617 1.089232
2860.000610 10.024734 1.052611
2850.000381 9.900202 1.236332
2840.000153 9.966030 1.250169
2829.999924 9.886855 1.066355
2819.999695 10.099814 1.077800
2810.001373 9.916122 1.278493
2800.001144 9.729477 1.038630
2790.000916 9.541389 0.991333
2780.000687 9.674624 1.049099
2770.000458 9.836690 1.113620
2760.000229 9.806982 1.240097
2750.000000 10.003868 1.167932
2739.999771 9.634724 1.186063
2729.999542 9.816032 1.076283
2720.001221 9.856535 1.057443
2710.000992 9.752232 1.127851
2700.000763 9.717826 1.089539
2690.000534 9.790839 1.157726
2680.000305 9.710964 1.076188
2670.000076 9.911633 1.117298
2659.999847 9.930124 1.277987
2649.999619 9.703083 1.063117
2640.001297 9.704825 1.157727
2630.001068 9.842096 1.128055
2620.000839 9.965484 1.092201
2610.000610 9.669270 1.158054
2600.000381 9.783277 1.276609
2590.000153 9.774815 1.073492
2579.999924 9.497367 1.132283
2569.999695 9.674845 1.138943
2560.001373 9.738801 1.068820
2550.001144 9.873427 1.168911
2540.000916 10.000782 1.195913
2530.000687 9.801637 1.021131
2520.000458 9.854622 1.157814
2510.000229 9.791646 1.044034
2500.000000 9.960241 1.048561
2489.999771 9.866462 1.039489
2479.999542 9.664250 1.091797
2470.001221 9.991355 1.133242
2460.000992 9.818823 1.166425
2450.000763 9.640671 1.196221
2440.000534 9.538074 1.204186
2430.000305 9.930193 1.121835
2420.000076 9.779323 1.062919
2409.999847 9.651843 1.227290
2399.999619 10.061881 1.313596
2390.001297 9.809341 1.161665
2380.001068 9.745739 1.369280
2370.000839 9.888038 1.350928
2360.000610 9.721331 1.185106
2350.000381 9.761708 1.103100
2340.000153 9.880450 1.437517
2329.999924 9.863631 1.269802
2319.999695 9.708519 1.251349
2310.001373 9.702278 1.284666
2300.001144 10.099634 1.148872
2290.000916 9.804269 1.243898
2280.000687 9.884496 1.193755
2270.000458 9.856232 1.292789
2260.000229 9.695260 1.186893
2250.000000 9.863594 1.287802
2239.999771 9.657494 1.144747
2229.999542 9.790090 1.161795
2220.001221 10.041053 1.326748
2210.000992 9.904288 1.214014
2200.000763 9.963591 1.147870
2190.000534 9.889420 1.203720
2180.000305 9.731156 1.252442
2170.000076 9.695578 0.998067
2159.999847 9.800717 1.346470
2149.999619 9.571338 1.128069
2140.001297 9.797759 1.181662
2130.001068 9.946826 1.250423
2120.000839 9.710278 1.176523
2110.000610 9.752361 1.143300
2100.000381 9.718073 1.327795
2090.000153 9.689981 1.262251
2079.999924 9.510565 1.119081
2069.999695 9.511196 1.334649
2060.001373 9.630696 1.152092
2050.001144 9.556143 1.138651
2040.000916 9.624794 1.264651
2030.000687 9.659717 1.382779
2020.000458 9.582580 1.101370
2010.000229 9.902918 1.378998
2000.000000 9.469909 1.238023
1989.999771 9.533513 1.082372
1979.999542 9.794970 1.182020
1970.001221 9.827943 1.352157
1960.000992 9.697460 1.330236
1950.000763 9.751568 1.301216
1940.000534 9.725427 1.390694
1930.000305 9.532371 1.292033
1920.000076 9.772653 1.142619
1909.999847 9.811310 1.141364
1899.999619 10.047273 1.173542
1890.001297 9.921778 1.118063
1880.001068 9.955743 1.341378
1870.000839 10.106398 1.197826
1860.000610 9.941519 1.332763
1850.000381 10.102299 1.216983
1840.000153 9.761651 1.150712
1829.999924 9.886816 1.240544
1819.999695 10.011850 1.139377
1810.001373 9.929286 1.282499
1800.001144 10.067570 1.278853
1790.000916 10.123051 1.066744
1780.000687 9.947243 1.335909
1770.000458 10.219453 1.217928
1760.000229 9.986779 1.148718
1750.000000 10.055648 1.231339
1739.999771 9.825137 1.089427
1729.999542 10.045320 1.271476
1720.001221 10.084496 1.240313
1710.000992 9.987486 1.206228
1700.000763 9.951419 1.185297
1690.000534 9.786544 0.962744
1680.000305 9.843963 1.114828
1670.000076 10.006385 1.190354
1659.999847 10.030379 1.249103
1649.999619 9.920345 1.055147
1640.001297 9.916706 1.239086
1630.001068 10.393476 1.269951
1620.000839 10.053825 1.178030
1610.000610 9.913727 1.235250
1600.000381 10.173518 1.107707
1590.000153 10.089384 1.034220
1579.999924 10.130486 1.136808
1569.999695 9.980448 1.295429
1560.001373 10.112388 1.203317
1550.001144 10.106273 1.249066
1540.000916 10.160111 1.032642
1530.000687 10.003778 1.092536
1520.000458 9.909981 1.203092
1510.000229 9.904783 1.065181
1500.000000 10.073335 1.150556
1489.999771 9.883883 1.111108
1479.999542 10.034456 1.036584
1470.001221 9.643256 1.257312
1460.000992 9.685770 1.215550
1450.000763 9.721444 1.141280
1440.000534 9.898830 1.143644
1430.000305 9.842103 1.231076
1420.000076 9.734627 1.159329
1409.999847 9.983095 1.185769
1399.999619 10.160513 1.202231
1390.001297 9.979357 1.245579
1380.001068 9.912526 1.030438
1370.000839 9.686930 1.127826
1360.000610 9.782724 1.186257
1350.000381 9.784500 1.201655
1340.000153 9.913581 1.156159
1329.999924 9.750433 1.017916
1319.999695 9.702158 1.110933
1310.001373 9.802722 1.161217
1300.001144 9.983372 1.088249
1290.000916 9.966295 1.165849
1280.000687 10.183704 1.301532
1270.000458 9.944953 1.160064
1260.000229 10.038270 1.083635
1250.000000 9.886506 1.037053
1239.999771 9.937754 1.172894
1229.999542 10.068937 1.115882
1220.001221 10.142147 1.211400
1210.000992 9.920991 1.136638
1200.000763 9.757804 1.094062
1190.000534 9.980511 1.134609
1180.000305 9.839720 1.173535
1170.000076 10.010570 1.249014
1159.999847 9.921793 1.150962
1149.999619 9.855210 1.021102
1140.001297 9.726968 1.202210
1130.001068 9.679089 1.174806
1120.000839 9.730437 1.218148
1110.000610 9.804645 1.134567
1100.000381 9.836211 1.248676
1090.000153 9.927557 1.067987
1079.999924 9.599163 1.138309
1069.999695 9.586446 1.245469
1060.001373 9.811341 1.332125
1050.001144 9.736787 1.003966
1040.000916 9.817468 1.251150
1030.000687 9.753386 1.252543
1020.000458 9.817862 1.211269
1010.000229 9.729273 1.137774
1000.000000 9.971966 1.233049
989.999771 9.886708 1.269787
979.999542 9.688953 1.117603
970.001221 9.771347 1.240807
960.000992 9.917648 1.207401
950.000763 9.695034 1.200952
940.000534 9.818217 1.160564
930.000305 9.750327 1.141719
920.000076 9.921747 1.137499
909.999847 9.906133 1.217358
899.999619 10.120146 1.249844
890.001297 9.843037 1.218794
880.001068 9.937774 1.278655
870.000839 9.790314 1.205020
860.000610 9.683531 1.458918
850.000381 9.732432 1.048361
840.000153 9.782274 1.155118
829.999924 9.754384 1.229653
819.999695 9.855039 1.170251
810.001373 9.663761 1.248767
800.001144 9.844238 1.198304
790.000916 10.048541 1.341593
780.000687 9.788920 1.291995
770.000458 9.806553 1.231226
760.000229 9.590258 1.231823
750.000000 9.942875 1.407304
739.999771 9.892686 1.190074
729.999542 9.782326 1.350162
720.001221 9.928987 1.216087
710.000992 9.761691 1.114978
700.000763 9.878943 1.229659
690.000534 9.507449 1.265191
680.000305 9.506782 1.327376
670.000076 9.533703 1.014871
659.999847 9.824632 1.174290
649.999619 9.843209 1.305224
640.001297 9.681625 1.334538
630.001068 9.836697 1.282981
620.000839 9.738835 1.175031
610.000610 9.908946 1.136625
600.000381 10.019116 1.256920
590.000153 9.907284 1.167835
579.999924 9.941870 1.258367
569.999695 10.210892 1.273084
560.001373 9.904593 1.297943
550.001144 9.897221 1.236753
540.000916 9.854697 1.249372
530.000687 10.097460 1.210115
520.000458 9.942307 1.144464
510.000229 9.919274 1.211375
500.000000 9.916303 1.219375
489.999771 9.837400 1.255580
479.999542 9.954166 1.150051
470.001221 10.030611 1.145540
460.000992 9.840223 1.154641
450.000763 9.951346 1.250726
440.000534 9.857559 1.213247
430.000305 9.935624 1.169560
420.000076 10.180703 1.360609
409.999847 9.949702 1.267823
399.999619 10.212548 1.408879
390.001297 9.938641 1.204927
380.001068 10.041035 1.128639
370.000839 9.808931 1.172067
360.000610 9.908808 1.235900
350.000381 9.948559 1.179367
340.000153 9.954382 1.331960
329.999924 9.940170 1.318983
319.999695 10.010949 1.205035
310.001373 9.823406 1.153102
300.001144 9.899614 1.058893
290.000916 10.321202 1.377338
280.000687 9.992714 1.054694
270.000458 9.831997 1.152224
260.000229 9.714270 1.126764
250.000000 9.588158 1.095515
239.999771 9.723931 1.319424
229.999542 9.982424 1.230588
220.001221 9.825098 1.166397
210.000992 9.791687 1.412506
200.000763 9.913775 1.073388
190.000534 10.007427 1.271813
180.000305 9.927318 1.234736
170.000076 9.824590 1.296512
159.999847 10.037192 1.226690
149.999619 10.068506 1.393022
140.001297 9.996842 1.383451
130.001068 9.820313 1.313422
120.000839 9.781346 1.371222
110.000610 9.712331 1.296856
100.000381 9.808152 1.132625
90.000153 9.807631 1.253179
79.999924 9.721467 1.260008
69.999695 9.722483 1.341997
60.001373 10.128975 1.242947
50.001144 10.195599 1.366647
40.000916 10.266699 1.423702
30.000687 10.019464 1.369221
20.000458 10.192597 1.481361
10.000229 10.336479 1.642378
-0.000000 10.331361 1.375180
-10.000229 10.321669 1.490120
-20.000458 10.543220 1.654572
-29.998779 10.616114 1.812464
