# age N_data S_data
19000.000000 7.218215 -5.029469
18989.999771 7.524172 -5.013161
18979.999542 7.423208 -4.984609
18969.999313 7.295979 -4.815685
18959.999084 7.286996 -4.964743
18950.000763 7.407740 -4.972197
18940.000534 7.510407 -4.894693
18930.000305 7.194152 -4.963849
18920.000076 7.225991 -4.920849
18909.999847 7.220471 -4.942347
18899.999619 7.458711 -4.993050
18889.999390 7.498296 -4.880814
18880.001068 7.431003 -4.920294
18870.000839 7.303779 -4.943106
18860.000610 7.232120 -4.888983
18850.000381 7.130380 -5.059599
18840.000153 7.393461 -4.992111
18829.999924 7.388669 -4.965901
18819.999695 7.334143 -4.939685
18809.999466 7.228951 -4.943743
18799.999237 7.373545 -4.864326
18790.000916 7.325063 -5.014404
18780.000687 7.329917 -5.068690
18770.000458 7.280977 -4.959348
18760.000229 7.199045 -4.916505
18750.000000 7.232470 -5.100115
18739.999771 7.215114 -5.013141
18729.999542 7.298636 -4.910364
18719.999313 7.095255 -4.961369
18709.999084 7.324148 -4.979984
18700.000763 7.058402 -5.003650
18690.000534 7.126373 -4.969322
18680.000305 7.110278 -4.846451
18670.000076 6.948200 -4.672710
18659.999847 7.213189 -4.863256
18649.999619 7.082699 -4.888910
18639.999390 6.802532 -4.909519
18630.001068 6.922094 -4.989061
18620.000839 7.019691 -4.957916
18610.000610 6.932879 -4.960234
18600.000381 6.913356 -4.790485
18590.000153 6.910620 -5.068930
18579.999924 6.809146 -4.859744
18569.999695 6.952583 -4.769665
18559.999466 6.812596 -5.014736
18549.999237 6.929655 -4.782399
18540.000916 6.935762 -4.864440
18530.000687 6.863599 -4.847354
18520.000458 6.814332 -4.747956
18510.000229 6.878991 -4.818140
18500.000000 6.852438 -4.852108
18489.999771 6.643746 -4.802022
18479.999542 6.821919 -4.722889
18469.999313 6.853156 -4.683945
18459.999084 6.676743 -4.842485
18450.000763 6.851313 -4.765592
18440.000534 6.817624 -4.734385
18430.000305 6.674436 -4.632774
18420.000076 6.866881 -4.728831
18409.999847 6.812663 -4.705031
18399.999619 6.757303 -4.641029
18389.999390 6.720111 -4.504019
18380.001068 6.716296 -4.645513
18370.000839 6.830764 -4.686486
18360.000610 6.571140 -4.502881
18350.000381 6.654665 -4.434415
18340.000153 6.710057 -4.540749
18329.999924 6.927030 -4.481482
18319.999695 6.819806 -4.493681
18309.999466 6.813756 -4.530906
18299.999237 6.769642 -4.726573
18290.000916 6.852322 -4.566378
18280.000687 6.705824 -4.464296
18270.000458 6.462043 -4.364650
18260.000229 6.547355 -4.495179
18250.000000 6.815517 -4.364237
18239.999771 6.594782 -4.444522
18229.999542 6.704114 -4.375123
18219.999313 6.541622 -4.343668
18209.999084 6.454742 -4.320838
18200.000763 6.431108 -4.390808
18190.000534 6.685564 -4.350083
18180.000305 6.587913 -4.409524
18170.000076 6.468273 -4.264601
18159.999847 6.478225 -4.365127
18149.999619 6.728821 -4.192366
18139.999390 6.545394 -4.339462
18130.001068 6.693460 -4.375017
18120.000839 6.704731 -4.163272
18110.000610 6.624626 -4.325530
18100.000381 6.621429 -4.189825
18090.000153 6.451902 -4.229566
18079.999924 6.554174 -4.302430
18069.999695 6.552001 -4.246765
18059.999466 6.580132 -4.126107
18049.999237 6.255304 -4.260556
18040.000916 6.451355 -4.178416
18030.000687 6.514805 -4.122236
18020.000458 6.546136 -4.189272
18010.000229 6.474382 -4.185749
18000.000000 6.504138 -4.249263
17989.999771 6.546953 -4.066213
17979.999542 6.385499 -4.022545
17970.001221 6.447100 -4.137998
17959.999084 6.613638 -3.970447
17950.000763 6.642054 -4.182968
17940.000534 6.555971 -4.153129
17930.000305 6.661085 -4.169409
17920.000076 6.384988 -4.090391
17909.999847 6.599637 -3.981467
17899.999619 6.425511 -4.021387
17889.999390 6.558260 -4.018372
17880.001068 6.453979 -4.046922
17869.998932 6.322879 -4.054615
17860.000610 6.601422 -4.028410
17850.000381 6.542512 -4.093963
17840.000153 6.508292 -4.095425
17829.999924 6.488459 -4.064953
17819.999695 6.545266 -4.062997
17809.999466 6.366494 -3.960520
17799.999237 6.372937 -3.911939
17790.000916 6.224737 -4.041596
17780.000687 6.231950 -3.827493
17770.000458 6.427259 -4.110806
17760.000229 6.311744 -3.954157
17750.000000 6.379190 -4.014001
17739.999771 6.541669 -3.865761
17729.999542 6.437828 -3.883549
17720.001221 6.104259 -3.924553
17709.999084 6.053297 -3.895429
17700.000763 6.116632 -3.873678
17690.000534 6.441279 -3.768774
17680.000305 6.428883 -3.764773
17670.000076 6.298641 -3.802284
17659.999847 6.300281 -3.836223
17649.999619 6.343672 -3.814757
17639.999390 6.347162 -3.706262
17630.001068 6.325004 -3.896060
17619.998932 6.331664 -3.934781
17610.000610 6.261913 -3.629137
17600.000381 6.231651 -3.814566
17590.000153 6.205749 -3.598224
17579.999924 6.231235 -3.664342
17569.999695 6.242834 -3.699293
17559.999466 6.169822 -3.643441
17549.999237 6.284856 -3.656866
17540.000916 6.108689 -3.659693
17530.000687 6.106040 -3.650291
17520.000458 6.507150 -3.610543
17510.000229 6.219528 -3.767115
17500.000000 6.102347 -3.610255
17489.999771 6.106741 -3.625396
17479.999542 6.223121 -3.468359
17470.001221 6.132591 -3.609718
17459.999084 6.043269 -3.524020
17450.000763 5.951359 -3.694079
17440.000534 6.103092 -3.674655
17430.000305 6.095269 -3.513809
17420.000076 6.138628 -3.501194
17409.999847 6.228702 -3.552757
17399.999619 6.166854 -3.477528
17389.999390 6.208805 -3.606865
17380.001068 6.143511 -3.443170
17369.998932 6.035051 -3.528796
17360.000610 6.021500 -3.622611
17350.000381 6.092819 -3.621069
17340.000153 6.116670 -3.544040
17329.999924 6.279519 -3.530228
17319.999695 6.161641 -3.517271
17309.999466 6.121486 -3.410662
17299.999237 6.384077 -3.505613
17290.000916 5.969170 -3.542659
17280.000687 5.963562 -3.345993
17270.000458 6.176080 -3.567622
17260.000229 6.176357 -3.521769
17250.000000 6.166286 -3.410850
17239.999771 6.267827 -3.305870
17229.999542 6.304596 -3.445830
17220.001221 6.241090 -3.376987
17209.999084 6.374243 -3.326141
17200.000763 6.170951 -3.398195
17190.000534 6.287702 -3.227544
17180.000305 6.166521 -3.397354
17170.000076 6.100319 -3.303016
17159.999847 6.055315 -3.349544
17149.999619 6.077604 -3.372973
17139.999390 6.190372 -3.382809
17130.001068 6.145828 -3.287113
17119.998932 6.118075 -3.290727
17110.000610 6.029454 -3.281730
17100.000381 6.145905 -3.315945
17090.000153 6.208557 -3.383707
17079.999924 6.116520 -3.397960
17069.999695 6.032030 -3.257831
17059.999466 6.129504 -3.256407
17049.999237 6.125550 -3.338282
17040.000916 5.984279 -3.217168
17030.000687 6.252656 -3.261625
17020.000458 6.261328 -3.281169
17010.000229 6.137788 -3.212064
17000.000000 6.123017 -3.246326
16989.999771 6.029331 -3.158534
16979.999542 6.061717 -3.264001
16970.001221 6.137211 -3.171986
16959.999084 6.305869 -3.187641
16950.000763 6.102827 -3.192942
16940.000534 5.979314 -3.169119
16930.000305 6.012229 -3.177893
16920.000076 6.236075 -3.009954
16909.999847 6.215145 -3.077938
16899.999619 5.985077 -3.166515
16889.999390 6.204007 -3.170415
16880.001068 6.200679 -3.214768
16869.998932 6.280256 -3.096476
16860.000610 6.106618 -3.170401
16850.000381 5.985424 -3.070812
16840.000153 5.957405 -3.151519
16829.999924 5.948757 -3.091459
16819.999695 6.057012 -3.002468
16809.999466 6.309351 -3.081995
16799.999237 6.324053 -3.057805
16790.000916 6.126346 -2.990693
16780.000687 6.088544 -2.926091
16770.000458 6.056292 -3.058056
16760.000229 5.894283 -3.079991
16750.000000 5.994832 -3.034600
16739.999771 6.213021 -2.931607
16729.999542 6.054572 -3.105458
16720.001221 6.034617 -3.211597
16709.999084 5.994805 -3.099034
16700.000763 6.076216 -3.182675
16690.000534 6.141801 -3.148153
16680.000305 6.066994 -3.026696
16670.000076 6.025655 -2.981424
16659.999847 5.990955 -3.042751
16649.999619 6.015352 -3.087738
16639.999390 6.043862 -3.012361
16630.001068 5.981214 -2.966083
16619.998932 6.160612 -3.112613
16610.000610 6.074271 -3.176066
16600.000381 6.129896 -3.010579
16590.000153 6.166318 -3.169671
16579.999924 6.154787 -3.033114
16569.999695 6.019292 -3.020950
16559.999466 5.890698 -2.998562
16549.999237 6.116943 -3.005643
16540.000916 6.326353 -2.977195
16530.000687 6.051405 -2.965825
16520.000458 5.896598 -2.903099
16510.000229 6.027429 -2.976072
16500.000000 5.899430 -2.954770
16489.999771 6.050820 -2.973151
16479.999542 6.169324 -2.996396
16470.001221 6.229719 -2.971150
16459.999084 6.229798 -2.976339
16450.000763 6.109520 -3.026248
16440.000534 6.052137 -3.009904
16430.000305 6.192973 -2.932389
16420.000076 6.185139 -3.055846
16409.999847 6.029078 -2.966412
16399.999619 6.097207 -2.827775
16389.999390 6.080329 -2.972430
16380.001068 6.258599 -2.965839
16370.000839 5.916307 -3.035859
16360.000610 6.193451 -2.979999
16350.000381 6.203934 -2.870525
16340.000153 6.091291 -2.924037
16329.999924 6.081630 -2.741174
16319.999695 6.081485 -2.929386
16309.999466 6.102916 -2.928113
16299.999237 5.935054 -2.964615
16290.000916 6.018700 -2.903323
16280.000687 6.066319 -3.003404
16270.000458 6.220721 -2.816504
16260.000229 6.060461 -2.878971
16250.000000 6.107909 -2.903442
16239.999771 6.145887 -3.050522
16229.999542 6.353910 -3.040630
16220.001221 6.201259 -2.832276
16209.999084 6.218829 -3.112062
16200.000763 6.015368 -2.972552
16190.000534 6.227282 -2.906245
16180.000305 5.985080 -2.951525
16170.000076 6.130348 -2.985871
16159.999847 6.143113 -2.831035
16149.999619 6.091681 -2.971082
16139.999390 6.113626 -3.045749
16130.001068 6.132818 -2.957469
16120.000839 6.132250 -2.957484
16110.000610 6.107862 -2.914138
16100.000381 6.046327 -3.051635
16090.000153 6.131541 -2.921719
16079.999924 5.910374 -2.879985
16069.999695 6.140223 -2.777497
16059.999466 6.309154 -2.974689
16049.999237 6.375430 -2.908362
16040.000916 6.199221 -2.947550
16030.000687 6.179169 -2.861268
16020.000458 6.176051 -2.842397
16010.000229 5.970552 -2.870979
16000.000000 6.035765 -3.011678
15989.999771 6.139637 -2.949032
15979.999542 5.953669 -2.900675
15970.000267 6.061490 -2.817694
15960.000038 6.176484 -2.919603
15950.000763 6.237384 -2.884064
15940.000534 6.078632 -2.950393
15930.000305 5.762095 -2.884944
15920.000076 6.041604 -2.871616
15909.999847 6.177009 -2.880400
15899.999619 6.113810 -2.899645
15890.000343 5.967433 -2.912040
15880.000114 6.002044 -2.793889
15870.000839 6.162631 -2.955884
15860.000610 6.066123 -2.922600
15850.000381 6.199277 -2.824791
15840.000153 6.040709 -2.872671
15829.999924 6.251468 -2.855885
15819.999695 6.120228 -2.771436
15809.999466 6.211621 -2.824850
15800.000191 6.418621 -2.826185
15789.999962 6.061980 -2.906951
15780.000687 5.914402 -2.869077
15770.000458 6.008678 -2.784795
15760.000229 6.084077 -2.868141
15750.000000 6.309771 -2.892192
15739.999771 6.226899 -2.884346
15729.999542 6.146846 -2.796726
15720.000267 6.104491 -2.859856
15710.000038 6.095258 -2.795926
15700.000763 6.048143 -2.766461
15690.000534 6.101563 -2.860961
15680.000305 6.093472 -2.709400
15670.000076 6.152447 -2.802887
15659.999847 6.292702 -2.808083
15649.999619 6.210250 -2.866972
15640.000343 6.042244 -2.950004
15630.000114 6.053036 -2.851655
15620.000839 6.155147 -2.902327
15610.000610 6.168243 -2.869100
15600.000381 6.292201 -2.849568
15590.000153 6.224658 -2.807908
15579.999924 6.095893 -2.835415
15569.999695 6.216043 -2.717252
15559.999466 6.142618 -2.913187
15550.000191 6.109870 -2.797806
15539.999962 6.053092 -2.754814
15530.000687 6.007373 -2.833517
15520.000458 6.142256 -2.632651
15510.000229 6.107519 -2.811803
15500.000000 6.052517 -2.801710
15489.999771 6.061391 -2.772723
15479.999542 6.096618 -2.887233
15470.000267 5.918929 -2.878883
15460.000038 6.018663 -2.856869
15450.000763 6.131553 -2.809103
15440.000534 6.159751 -2.813841
15430.000305 5.999429 -2.775134
15420.000076 6.224390 -2.780452
15409.999847 6.258005 -2.934541
15399.999619 6.105686 -2.803397
15390.000343 6.076007 -2.806827
15380.000114 6.190640 -2.767461
15370.000839 6.162260 -2.895946
15360.000610 6.126243 -2.678674
15350.000381 5.932840 -2.762900
15340.000153 6.058922 -2.691462
15329.999924 5.877658 -2.744212
15319.999695 6.414355 -2.726326
15309.999466 6.110253 -2.742019
15300.000191 6.341974 -2.734586
15289.999962 6.109680 -2.753167
15280.000687 6.206835 -2.706230
15270.000458 6.243461 -2.801935
15260.000229 6.249162 -2.699539
15250.000000 5.959485 -2.766011
15239.999771 6.227112 -2.817505
15229.999542 6.281269 -2.660131
15220.000267 6.269380 -2.836582
15210.000038 6.357069 -2.642392
15200.000763 6.198332 -2.789079
15190.000534 6.210521 -2.743967
15180.000305 6.240208 -2.595010
15170.000076 6.228856 -2.869703
15159.999847 6.078881 -2.821807
15149.999619 6.089311 -2.785250
15140.000343 6.048227 -2.741204
15130.000114 6.159257 -2.866496
15120.000839 6.321954 -2.656668
15110.000610 6.230662 -2.815907
15100.000381 6.183508 -2.736021
15090.000153 6.222729 -2.645314
15079.999924 6.007156 -2.797897
15069.999695 6.188402 -2.781845
15059.999466 6.006615 -2.723813
15050.000191 6.025462 -2.945285
15039.999962 6.160393 -2.898998
15030.000687 6.025391 -2.811659
15020.000458 5.965040 -2.843804
15010.000229 6.236637 -2.855977
15000.000000 6.103946 -2.696705
14989.999771 6.132618 -2.885634
14979.999542 5.986078 -2.623703
14970.000267 6.066320 -2.786818
14960.000038 6.107974 -2.753572
14950.000763 6.327284 -2.826116
14940.000534 6.028695 -2.696329
14930.000305 5.886705 -2.762377
14920.000076 6.110721 -2.822240
14909.999847 6.070659 -2.545148
14899.999619 6.220488 -2.672484
14890.000343 6.354877 -2.639801
14880.000114 6.008960 -2.719667
14870.000839 6.028891 -2.837497
14860.000610 6.294186 -2.801697
14850.000381 6.313109 -2.685711
14840.000153 6.219757 -2.720431
14829.999924 6.184049 -2.767249
14819.999695 6.253173 -2.794547
14809.999466 6.080831 -2.751364
14800.000191 5.918995 -2.786894
14789.999962 6.177452 -2.832527
14780.000687 6.072663 -2.756490
14770.000458 6.265713 -2.744163
14760.000229 6.242270 -2.767525
14750.000000 6.040732 -2.852402
14739.999771 6.042572 -2.789185
14729.999542 6.176253 -2.818258
14720.000267 6.132935 -2.754885
14710.000038 5.949034 -2.796957
14700.000763 6.104647 -2.820972
14690.000534 6.222624 -2.745275
14680.000305 6.139110 -2.737228
14670.000076 6.483442 -2.823177
14659.999847 6.530559 -2.831169
14649.999619 6.573725 -2.859972
14640.000343 6.503067 -2.699293
14630.000114 6.582788 -2.764022
14620.000839 6.701563 -2.836694
14610.000610 6.731743 -2.907828
14600.000381 6.773893 -2.977755
14590.000153 6.786790 -2.836574
14579.999924 6.820274 -2.836637
14569.999695 6.892012 -2.899762
14559.999466 7.068838 -2.898170
14550.000191 7.239367 -2.941087
14539.999962 7.133421 -3.135219
14530.000687 6.999812 -3.020645
14520.000458 7.238294 -2.994937
14510.000229 7.421795 -3.078138
14500.000000 7.340800 -3.119883
14489.999771 7.314545 -3.074967
14479.999542 7.593329 -3.278615
14470.000267 7.500563 -3.318411
14460.000038 7.431538 -3.313387
14450.000763 7.535588 -3.265943
14440.000534 7.863853 -3.457184
14430.000305 7.809566 -3.557615
14420.000076 7.920857 -3.338773
14409.999847 7.912072 -3.569238
14399.999619 7.952117 -3.574967
14390.000343 8.013352 -3.658811
14380.000114 7.981470 -3.632919
14370.000839 7.948573 -3.720433
14360.000610 8.232329 -3.796975
14350.000381 8.307252 -3.680063
14340.000153 8.153976 -3.870557
14329.999924 8.263694 -3.834692
14319.999695 8.182823 -3.822944
14309.999466 8.259970 -3.882813
14300.000191 8.157582 -4.142810
14289.999962 8.100486 -4.284036
14280.000687 8.223006 -4.141794
14270.000458 7.931078 -4.233708
14260.000229 7.978605 -4.347317
14250.000000 7.874530 -4.605374
14239.999771 7.789459 -4.468407
14229.999542 7.632907 -4.599934
14220.000267 7.685928 -4.833891
14210.000038 7.549483 -4.814168
14200.000763 7.470538 -4.858547
14190.000534 7.561376 -5.050190
14180.000305 7.347772 -5.030059
14170.000076 7.152676 -5.071955
14159.999847 6.967439 -5.293177
14149.999619 7.034199 -5.347651
14140.000343 6.945913 -5.490246
14130.000114 6.792269 -5.267536
14120.000839 6.479722 -5.376865
14110.000610 6.206395 -5.549595
14100.000381 6.342920 -5.428998
14090.000153 6.304059 -5.510210
14079.999924 6.347296 -5.454796
14069.999695 6.401223 -5.500909
14059.999466 6.233649 -5.437084
14050.000191 6.190649 -5.346094
14039.999962 6.186391 -5.299999
14030.000687 6.074633 -5.368320
14020.000458 6.213790 -5.275629
14010.000229 6.280177 -5.175918
14000.000000 6.171444 -5.028154
13989.999771 6.153863 -4.976671
13980.000496 6.170174 -5.049640
13970.000267 6.302553 -4.905564
13960.000038 6.119224 -4.789791
13949.999809 6.205139 -4.669377
13940.000534 6.332005 -4.451585
13930.000305 5.949625 -4.316946
13920.000076 6.213853 -4.213235
13909.999847 6.190276 -4.118168
13900.000572 6.238128 -4.142320
13890.000343 6.177168 -3.873123
13880.000114 6.112583 -3.799449
13869.999886 6.316198 -3.592451
13860.000610 6.466685 -3.679090
13850.000381 6.232332 -3.635485
13840.000153 6.414823 -3.499032
13829.999924 6.296259 -3.589983
13820.000648 6.459867 -3.528851
13810.000420 6.481419 -3.575349
13800.000191 6.403382 -3.771440
13789.999962 6.404100 -3.644087
13779.999733 6.474959 -3.667435
13770.000458 6.530783 -3.598889
13760.000229 6.716598 -3.897080
13750.000000 6.486696 -3.762740
13739.999771 6.476938 -3.624370
13730.000496 6.729227 -3.725713
13720.000267 6.525866 -3.718850
13710.000038 6.796722 -3.861374
13699.999809 6.937517 -3.735885
13690.000534 6.991700 -3.629053
13680.000305 7.026825 -3.636622
13670.000076 6.785692 -3.647890
13659.999847 6.982612 -3.670110
13650.000572 6.679260 -3.796534
13640.000343 6.767764 -3.718591
13630.000114 6.879487 -3.634419
13619.999886 7.080152 -3.717937
13610.000610 7.026748 -3.866340
13600.000381 6.986591 -3.851003
13590.000153 6.967316 -3.770306
13579.999924 7.162108 -3.789093
13570.000648 7.000719 -3.879412
13560.000420 7.026957 -3.873986
13550.000191 7.033390 -3.719625
13539.999962 7.130782 -3.773684
13529.999733 7.073600 -3.950697
13520.000458 7.092436 -3.944883
13510.000229 7.301811 -3.944843
13500.000000 7.192269 -4.003336
13489.999771 7.226632 -4.017036
13480.000496 7.185861 -4.020126
13470.000267 7.219574 -3.897153
13460.000038 7.404441 -4.108028
13449.999809 7.235580 -3.974307
13440.000534 7.258158 -4.032533
13430.000305 7.432579 -4.052464
13420.000076 7.316126 -4.048499
13409.999847 7.258349 -3.955152
13400.000572 7.217295 -3.972577
13390.000343 7.258261 -4.031709
13380.000114 7.385467 -4.171718
13369.999886 7.128397 -4.034383
13360.000610 7.096422 -4.171431
13350.000381 7.187378 -4.027164
13340.000153 7.019036 -3.964712
13329.999924 7.278607 -3.930776
13320.000648 7.333920 -4.151007
13310.000420 7.326821 -4.101578
13300.000191 7.267032 -4.116568
13289.999962 7.181509 -4.049932
13279.999733 7.141384 -4.221557
13270.000458 7.436734 -4.028140
13260.000229 7.210866 -4.273067
13250.000000 7.118784 -4.240716
13239.999771 7.384337 -4.171177
13230.000496 7.105890 -4.312134
13220.000267 6.974151 -4.241330
13210.000038 7.061548 -4.098947
13199.999809 7.253877 -4.204200
13190.000534 7.262250 -4.312796
13180.000305 7.153239 -4.061298
13170.000076 7.091673 -4.075594
13159.999847 7.057133 -4.282562
13150.000572 7.090336 -4.183924
13140.000343 7.095970 -4.141482
13130.000114 7.128341 -4.156867
13119.999886 7.070763 -4.234938
13110.000610 7.003141 -4.175212
13100.000381 6.912867 -4.084072
13090.000153 7.138960 -4.197153
13079.999924 7.079181 -4.154472
13070.000648 6.977162 -4.235983
13060.000420 7.002722 -4.162748
13050.000191 7.031710 -4.154179
13039.999962 7.035096 -4.037244
13029.999733 6.878334 -4.202654
13020.000458 6.961327 -4.146322
13010.000229 6.912821 -4.205800
13000.000000 6.890474 -4.165875
12989.999771 6.648510 -4.183862
12980.000496 6.819134 -4.181305
12970.000267 7.145547 -4.193867
12960.000038 6.905768 -4.264440
12949.999809 7.122166 -4.030833
12940.000534 7.191258 -4.047513
12930.000305 6.961132 -4.259125
12920.000076 7.098067 -4.346631
12909.999847 7.037155 -4.224067
12900.000572 7.093907 -4.032081
12890.000343 7.013433 -4.104882
12880.000114 6.999766 -4.084495
12869.999886 7.019968 -4.045694
12860.000610 7.064196 -4.059322
12850.000381 6.990534 -4.195629
12840.000153 6.473671 -4.000806
12829.999924 6.710381 -4.069828
12820.000648 6.755339 -3.940210
12810.000420 6.740760 -4.000493
12800.000191 6.779572 -4.034758
12789.999962 6.790409 -4.050791
12779.999733 6.602066 -3.915299
12770.000458 6.582128 -3.948939
12760.000229 6.585002 -3.940960
12750.000000 6.569342 -3.984778
12739.999771 6.574058 -3.779953
12730.000496 6.658684 -4.018479
12720.000267 6.421704 -3.893445
12710.000038 6.487131 -3.768206
12699.999809 6.364091 -3.952994
12690.000534 6.313765 -3.960383
12680.000305 6.557802 -3.726221
12670.000076 6.466473 -3.811059
12659.999847 6.316114 -3.672073
12650.000572 6.304440 -3.836468
12640.000343 6.377810 -3.792683
12630.000114 6.333854 -3.823911
12619.999886 6.243046 -3.793246
12610.000610 6.289388 -3.812754
12600.000381 6.277714 -3.804190
12590.000153 6.060381 -3.706375
12579.999924 6.444951 -3.739510
12570.000648 6.240756 -3.889751
12560.000420 6.195421 -3.811514
12550.000191 6.364730 -3.755454
12539.999962 6.373887 -3.838546
12530.000687 6.180611 -3.707205
12520.000458 6.245482 -3.731290
12510.000229 6.152816 -3.841373
12500.000000 6.195091 -3.656867
12489.999771 6.247896 -3.726942
12480.000496 6.332625 -3.596515
12470.000267 6.725393 -3.676659
12460.000038 6.606384 -3.763413
12449.999809 6.118719 -3.563349
12440.000534 6.323115 -3.711237
12430.000305 6.199185 -3.772629
12420.000076 6.159742 -3.724801
12409.999847 6.517409 -3.722494
12400.000572 6.241331 -3.757467
12390.000343 6.335964 -3.664118
12380.000114 6.101386 -3.640133
12369.999886 6.155355 -3.700030
12360.000610 6.118334 -3.675259
12350.000381 6.094413 -3.632343
12340.000153 6.194632 -3.660774
12329.999924 6.132226 -3.580426
12320.000648 6.325092 -3.582217
12310.000420 6.147968 -3.622299
12300.000191 6.354636 -3.663341
12289.999962 6.230772 -3.697190
12280.000687 6.088385 -3.610566
12270.000458 6.167057 -3.541855
12260.000229 6.217360 -3.587082
12250.000000 5.964460 -3.696570
12239.999771 5.753028 -3.740370
12230.000496 5.749451 -3.655767
12220.000267 6.138453 -3.492449
12210.000038 6.355946 -3.485277
12199.999809 6.127366 -3.580738
12190.000534 6.024908 -3.633088
12180.000305 6.086863 -3.713031
12170.000076 6.045381 -3.610744
12159.999847 6.102842 -3.553805
12150.000572 5.925598 -3.487765
12140.000343 5.904911 -3.588717
12130.000114 5.894004 -3.503111
12119.999886 6.051544 -3.522428
12110.000610 6.006394 -3.495950
12100.000381 5.965788 -3.552643
12090.000153 6.059214 -3.477592
12079.999924 5.954323 -3.439357
12070.000648 5.769500 -3.490188
12060.000420 6.048491 -3.547016
12050.000191 5.999850 -3.476456
12039.999962 5.784161 -3.626913
12030.000687 6.028178 -3.507095
12020.000458 6.071250 -3.682688
12010.000229 6.135346 -3.534109
12000.000000 6.097135 -3.489271
11989.999771 6.167612 -3.516040
11980.000496 6.091702 -3.550924
11970.000267 5.905727 -3.601715
11960.000038 6.055435 -3.565012
11949.999809 6.206440 -3.486882
11940.000534 6.101483 -3.523642
11930.000305 6.015730 -3.527433
11920.000076 6.165740 -3.341649
11909.999847 6.225979 -3.398423
11900.000572 6.176275 -3.449442
11890.000343 6.360228 -3.415507
11880.000114 6.359443 -3.506102
11869.999886 6.056687 -3.436956
11860.000610 6.259215 -3.464909
11850.000381 6.282535 -3.522971
11840.000153 6.068867 -3.462726
11829.999924 6.112641 -3.496352
11820.000648 6.100662 -3.252339
11810.000420 6.192041 -3.324944
11800.000191 6.264490 -3.408679
11789.999962 6.323496 -3.391156
11780.000687 6.218577 -3.456157
11770.000458 6.213327 -3.425071
11760.000229 5.987582 -3.518088
11750.000000 6.369168 -3.377896
11739.999771 6.188846 -3.560332
11730.000496 6.085677 -3.476858
11720.000267 6.177171 -3.508918
11710.000038 6.118828 -3.519008
11699.999809 6.444104 -3.512375
11690.000534 6.204112 -3.447087
11680.000305 6.212833 -3.490115
11670.000076 6.195038 -3.502780
11659.999847 6.109484 -3.679846
11650.000572 6.439242 -3.733663
11640.000343 6.408011 -3.718784
11630.000114 6.387876 -3.735780
11619.999886 6.541060 -3.714188
11610.000610 6.752168 -3.667111
11600.000381 6.301704 -3.678697
11590.000153 6.525324 -3.615794
11579.999924 6.585542 -3.779170
11570.000648 6.458091 -3.816661
11560.000420 6.425258 -3.857325
11550.000191 6.797795 -3.828815
11539.999962 6.879033 -3.771979
11530.000687 6.976933 -3.687408
11520.000458 7.113750 -3.846417
11510.000229 7.025567 -3.943563
11500.000000 7.209577 -4.052544
11489.999771 7.103139 -4.010408
11480.000496 7.129532 -4.075735
11470.000267 7.258510 -4.004380
11460.000038 7.286175 -4.094386
11449.999809 7.260807 -4.073386
11440.000534 7.431748 -4.010241
11430.000305 7.390401 -4.128620
11420.000076 7.207866 -3.897776
11409.999847 7.380915 -4.027851
11400.000572 7.367632 -4.191541
11390.000343 7.480516 -4.163142
11380.000114 7.303805 -4.212310
11369.999886 7.421642 -4.321887
11360.000610 7.495698 -4.172398
11350.000381 7.635019 -4.273836
11340.000153 7.513901 -4.344239
11329.999924 7.466459 -4.386784
11320.000648 7.632722 -4.313524
11310.000420 7.488066 -4.210312
11300.000191 7.598749 -4.401649
11289.999962 7.543858 -4.417213
11280.000687 7.359542 -4.480043
11270.000458 7.464269 -4.141839
11260.000229 7.492535 -4.403172
11250.000000 7.442294 -4.334193
11239.999771 7.322236 -4.160247
11230.000496 7.388231 -4.339343
11220.000267 7.470189 -4.464092
11210.000038 7.199894 -4.468619
11199.999809 7.340308 -4.408254
11190.000534 7.324700 -4.316371
11180.000305 7.336253 -4.556239
11170.000076 7.126930 -4.393155
11159.999847 7.369617 -4.496175
11150.000572 7.399728 -4.446925
11140.000343 7.297130 -4.448601
11130.000114 7.496414 -4.444086
11119.999886 7.417675 -4.491887
11110.000610 7.332125 -4.416404
11100.000381 7.337432 -4.492933
11090.000153 7.460880 -4.511194
11079.999924 7.367633 -4.485755
11070.000648 7.558137 -4.308126
11060.000420 7.504824 -4.418115
11050.000191 7.162957 -4.491226
11039.999962 7.256385 -4.410591
11030.000687 7.308988 -4.399682
11020.000458 7.203233 -4.381467
11010.000229 7.281917 -4.469229
11000.000000 7.286712 -4.457191
10989.999771 7.203859 -4.537214
10980.000496 7.123506 -4.435739
10970.000267 7.202627 -4.456072
10960.000038 7.248410 -4.436500
10949.999809 7.182157 -4.484616
10940.000534 7.457738 -4.457034
10930.000305 7.205076 -4.482815
10920.000076 7.255787 -4.512232
10909.999847 7.282713 -4.357823
10900.000572 7.220981 -4.342069
10890.000343 7.352939 -4.294661
10880.000114 6.984043 -4.447150
10869.999886 7.240338 -4.361297
10860.000610 7.136779 -4.449743
10850.000381 7.309586 -4.302727
10840.000153 7.226580 -4.591130
10829.999924 7.084546 -4.303718
10820.000648 6.891245 -4.367662
10810.000420 7.218621 -4.392129
10800.000191 7.148510 -4.378669
10789.999962 7.209307 -4.430690
10780.000687 6.979079 -4.481131
10770.000458 7.009677 -4.471911
10760.000229 6.925214 -4.438462
10750.000000 6.953639 -4.372109
10740.000725 7.057837 -4.328085
10730.000496 7.097063 -4.653856
10720.000267 7.110566 -4.670259
10710.000038 7.188590 -4.448584
10699.999809 7.002758 -4.551172
10690.000534 6.941209 -4.556711
10680.000305 7.034771 -4.432383
10670.000076 7.117368 -4.583631
10659.999847 7.051180 -4.355197
10650.000572 6.908458 -4.451861
10640.000343 6.977943 -4.424050
10630.000114 7.174153 -4.272633
10619.999886 7.246942 -4.332375
10610.000610 6.878862 -4.525826
10600.000381 7.139395 -4.324454
10590.000153 7.076490 -4.497712
10579.999924 7.341404 -4.484649
10570.000648 7.252366 -4.653387
10560.000420 7.148560 -4.526803
10550.000191 7.167920 -4.586308
10539.999962 7.136531 -4.410107
10530.000687 7.203755 -4.333358
10520.000458 7.167159 -4.528745
10510.000229 7.207880 -4.451794
10500.000000 7.153429 -4.525518
10490.000725 6.949696 -4.445128
10480.000496 7.139520 -4.479031
10470.000267 7.244159 -4.470039
10460.000038 7.143431 -4.449723
10449.999809 7.013116 -4.535274
10440.000534 7.057915 -4.519327
10430.000305 7.021087 -4.395748
10420.000076 7.236703 -4.555896
10409.999847 7.063495 -4.588851
10400.000572 7.112998 -4.516458
10390.000343 7.199962 -4.613335
10380.000114 7.118657 -4.529553
10369.999886 7.070310 -4.547704
10360.000610 6.807975 -4.448506
10350.000381 7.229685 -4.407111
10340.000153 7.153824 -4.508517
10329.999924 7.060627 -4.509831
10320.000648 7.140900 -4.531129
10310.000420 7.025296 -4.576403
10300.000191 7.107714 -4.637833
10289.999962 6.906737 -4.624855
10280.000687 6.936602 -4.542642
10270.000458 7.034893 -4.481072
10260.000229 6.793581 -4.412248
10250.000000 6.736019 -4.441504
10240.000725 6.941769 -4.378826
10230.000496 7.006494 -4.522482
10220.000267 7.132494 -4.395535
10210.000038 7.111680 -4.495220
10199.999809 6.981593 -4.548705
10190.000534 6.840641 -4.390983
10180.000305 6.897588 -4.638304
10170.000076 6.999132 -4.532418
10159.999847 6.893312 -4.643873
10150.000572 6.873155 -4.493889
10140.000343 6.806484 -4.527171
10130.000114 6.930412 -4.557030
10119.999886 7.055511 -4.377605
10110.000610 7.056972 -4.557810
10100.000381 6.911543 -4.490806
10090.000153 6.942111 -4.608011
10079.999924 6.901585 -4.354767
10070.000648 6.921066 -4.289124
10060.000420 6.759637 -4.470973
10050.000191 7.003404 -4.417991
10039.999962 6.891425 -4.635159
10030.000687 6.789100 -4.480002
10020.000458 7.134054 -4.475541
10010.000229 7.078913 -4.603856
10000.000000 7.130895 -4.327559
9990.000725 6.912849 -4.569951
9980.000496 6.942806 -4.596624
9970.000267 7.082832 -4.564895
9960.000038 6.963877 -4.541370
9949.999809 7.020512 -4.460829
9940.000534 7.079012 -4.459658
9930.000305 7.005594 -4.502999
9920.000076 7.013917 -4.434823
9909.999847 7.120251 -4.412560
9900.000572 7.147397 -4.477149
9890.000343 7.062549 -4.430396
9880.000114 6.959196 -4.501864
9869.999886 6.930393 -4.444214
9860.000610 7.075290 -4.547188
9850.000381 7.071025 -4.490296
9840.000153 7.004722 -4.456921
9829.999924 7.220029 -4.577728
9820.000648 7.064014 -4.517054
9810.000420 7.129487 -4.558281
9800.000191 7.204263 -4.272509
9789.999962 7.136145 -4.473916
9780.000687 7.276035 -4.437002
9770.000458 7.282833 -4.368038
9760.000229 7.220604 -4.509970
9750.000000 7.156825 -4.587216
9740.000725 7.299380 -4.548727
9730.000496 7.204887 -4.504610
9720.000267 7.208341 -4.594531
9710.000038 7.316711 -4.498180
9699.999809 7.368443 -4.476581
9690.000534 7.222234 -4.592688
9680.000305 7.244128 -4.702252
9670.000076 7.025634 -4.529806
9659.999847 7.168688 -4.528531
9650.000572 7.107568 -4.528046
9640.000343 7.212570 -4.503060
9630.000114 7.133686 -4.458898
9619.999886 7.218878 -4.533302
9610.000610 7.321133 -4.593952
9600.000381 7.036624 -4.455883
9590.000153 7.139502 -4.600817
9579.999924 6.918031 -4.384025
9570.000648 7.048428 -4.612377
9560.000420 7.039753 -4.404519
9550.000191 7.203059 -4.671363
9539.999962 7.046436 -4.688967
9530.000687 7.143500 -4.453792
9520.000458 7.144320 -4.607711
9510.000229 7.122560 -4.674270
9500.000000 7.269448 -4.367046
9490.000725 7.168954 -4.560385
9480.000496 7.066711 -4.516240
9470.000267 6.901729 -4.471165
9460.000038 7.138927 -4.563981
9449.999809 7.056392 -4.547301
9440.000534 7.219670 -4.568839
9430.000305 7.367142 -4.541948
9420.000076 7.263873 -4.531721
9409.999847 7.170873 -4.283702
9400.000572 7.306624 -4.481931
9390.000343 7.196850 -4.505577
9380.000114 7.073666 -4.731421
9369.999886 7.215402 -4.633895
9360.000610 7.158416 -4.552356
9350.000381 7.112623 -4.462570
9340.000153 7.090970 -4.522053
9329.999924 7.143829 -4.391316
9320.000648 7.123799 -4.434454
9310.000420 7.268597 -4.522297
9300.000191 7.124385 -4.542414
9289.999962 7.206139 -4.463867
9280.000687 7.022329 -4.467394
9270.000458 7.090274 -4.489031
9260.000229 7.410939 -4.489887
9250.000000 7.279365 -4.438777
9240.000725 7.094615 -4.497971
9230.000496 7.133458 -4.554797
9220.000267 7.332684 -4.506324
9210.000038 7.255481 -4.397184
9200.000763 7.117280 -4.449610
9190.000534 7.018369 -4.253173
9180.000305 7.088213 -4.386084
9170.000076 7.151149 -4.335915
9159.999847 7.093750 -4.478148
9150.000572 7.135453 -4.534506
9140.000343 7.022898 -4.701550
9130.000114 7.336932 -4.402139
9119.999886 7.285986 -4.671361
9110.000610 7.202770 -4.539776
9100.000381 7.191613 -4.658399
9090.000153 7.110047 -4.664158
9079.999924 7.071629 -4.501627
9070.000648 7.215163 -4.668934
9060.000420 7.130758 -4.490830
9050.000191 7.210833 -4.339104
9039.999962 7.121507 -4.565705
9030.000687 7.205195 -4.482522
9020.000458 7.343069 -4.597601
9010.000229 7.055969 -4.659506
9000.000000 7.163759 -4.572907
8990.000725 7.156376 -4.445875
8980.000496 7.195974 -4.537377
8970.000267 7.355352 -4.555098
8960.000038 7.257071 -4.644323
8950.000763 7.145832 -4.599173
8940.000534 7.344643 -4.439418
8930.000305 7.099419 -4.534704
8920.000076 7.080164 -4.540995
8909.999847 7.075887 -4.543661
8900.000572 7.013743 -4.461575
8890.000343 6.991866 -4.504410
8880.000114 7.055234 -4.423870
8869.999886 7.100843 -4.492284
8860.000610 6.884384 -4.622576
8850.000381 6.851205 -4.421532
8840.000153 6.753163 -4.593826
8829.999924 6.687709 -4.602896
8820.000648 6.743279 -4.419183
8810.000420 6.692129 -4.504572
8800.000191 6.656662 -4.473348
8789.999962 6.709494 -4.455928
8780.000687 6.724698 -4.349020
8770.000458 6.620394 -4.371234
8760.000229 6.465473 -4.245357
8750.000000 6.323027 -4.228264
8740.000725 6.504702 -4.291370
8730.000496 6.622163 -4.210489
8720.000267 6.546903 -4.231089
8710.000038 6.446215 -4.170854
8700.000763 6.575836 -4.169616
8690.000534 6.749882 -4.144076
8680.000305 6.815163 -4.317537
8670.000076 6.438103 -4.146462
8659.999847 6.531486 -4.024911
8650.000572 6.322854 -4.186381
8640.000343 6.588270 -3.992565
8630.000114 6.365077 -4.057286
8619.999886 6.568944 -4.035250
8610.000610 6.394680 -4.035468
8600.000381 6.490972 -3.912947
8590.000153 6.324948 -4.004208
8579.999924 6.567443 -4.207896
8570.000648 6.742014 -4.092623
8560.000420 6.419662 -4.040307
8550.000191 6.324749 -3.909959
8539.999962 6.531097 -3.971710
8530.000687 6.574969 -3.930394
8520.000458 6.536305 -3.963267
8510.000229 6.694146 -3.948687
8500.000000 6.530771 -3.889061
8490.000725 6.624004 -4.041653
8480.000496 6.571363 -3.963990
8470.000267 6.451895 -3.967594
8460.000038 6.666251 -3.893204
8450.000763 6.478410 -3.918021
8440.000534 6.674976 -3.920124
8430.000305 6.465933 -3.790949
8420.000076 6.461910 -3.920370
8409.999847 6.404958 -3.897114
8400.000572 6.745335 -3.928462
8390.000343 6.629888 -4.014474
8380.000114 6.360583 -3.939912
8369.999886 6.629500 -3.915144
8360.000610 6.629333 -3.830934
8350.000381 6.369276 -3.872706
8340.000153 6.653008 -3.864985
8329.999924 6.395388 -3.869377
8320.000648 6.530253 -3.749933
8310.000420 6.613705 -3.804002
8300.000191 6.598645 -3.914840
8289.999962 6.459276 -3.701899
8280.000687 6.256697 -3.830691
8270.000458 6.493052 -3.945085
8260.000229 6.301915 -3.941818
8250.000000 6.366138 -3.894408
8240.000725 6.549540 -3.834029
8230.000496 6.479031 -3.796267
8220.000267 6.353223 -3.887834
8210.000038 6.546745 -4.044923
8200.000763 6.434689 -3.787691
8190.000534 6.760116 -3.787528
8180.000305 6.615919 -3.901623
8170.000076 6.583760 -3.838096
8159.999847 6.398179 -3.849295
8150.000572 6.423813 -3.753297
8140.000343 6.466501 -3.732517
8130.000114 6.524374 -3.757888
8119.999886 6.593266 -3.794243
8110.000610 6.696111 -3.744297
8100.000381 6.858210 -3.713328
8090.000153 6.554252 -3.838368
8079.999924 6.613355 -3.790569
8070.000648 6.664149 -3.697582
8060.000420 6.763967 -3.825941
8050.000191 6.531082 -3.712003
8039.999962 6.445822 -3.779237
8030.000687 6.579502 -3.748413
8020.000458 6.634510 -3.859527
8010.000229 6.467044 -3.928824
8000.000000 6.656382 -3.688022
7990.000725 6.714988 -3.643762
7980.000496 6.620180 -3.910521
7970.000267 6.694294 -3.700064
7960.000038 6.819261 -3.901804
7950.000763 6.825280 -3.683329
7940.000534 6.856100 -3.908043
7930.000305 6.864116 -3.944133
7920.000076 7.132346 -3.996750
7909.999847 7.019991 -3.989722
7900.000572 7.008187 -3.763566
7890.000343 7.017508 -3.796012
7880.000114 7.275050 -3.852977
7869.999886 7.294069 -3.960061
7860.000610 7.251311 -4.030589
7850.000381 7.272253 -3.840337
7840.000153 7.235667 -4.071669
7829.999924 7.285401 -4.061307
7820.000648 7.478760 -4.072916
7810.000420 7.490561 -4.310423
7800.000191 7.388654 -4.115265
7789.999962 7.455726 -4.168139
7780.000687 7.490264 -4.303356
7770.000458 7.489987 -4.112495
7760.000229 7.404596 -4.327996
7750.000000 7.509834 -4.185777
7740.000725 7.588046 -4.208075
7730.000496 7.475376 -4.403443
7720.000267 7.288532 -4.296993
7710.000038 7.574556 -4.342647
7700.000763 7.574742 -4.442633
7690.000534 7.488107 -4.378430
7680.000305 7.628538 -4.602384
7670.000076 7.453715 -4.547980
7659.999847 7.440611 -4.416804
7650.000572 7.384625 -4.339551
7640.000343 7.443548 -4.423825
7630.000114 7.538394 -4.377443
7619.999886 7.717004 -4.483402
7610.000610 7.558156 -4.438717
7600.000381 7.556473 -4.380463
7590.000153 7.423424 -4.397420
7579.999924 7.334498 -4.444236
7570.000648 7.244406 -4.452499
7560.000420 7.529718 -4.363327
7550.000191 7.408495 -4.299484
7539.999962 7.469496 -4.446026
7530.000687 7.398534 -4.505635
7520.000458 7.288512 -4.326288
7510.000229 7.522602 -4.377135
7500.000000 7.480467 -4.577439
7490.000725 7.422073 -4.472306
7480.000496 7.232584 -4.363052
7470.000267 7.213789 -4.465157
7460.000038 7.548511 -4.369160
7450.000763 7.324196 -4.453134
7440.000534 7.308189 -4.351181
7430.000305 7.356258 -4.295839
7420.000076 7.133568 -4.618835
7410.000801 7.298549 -4.445527
7400.000572 6.859179 -4.296232
7390.000343 7.234983 -4.309830
7380.000114 7.097053 -4.362333
7369.999886 7.135318 -4.377196
7360.000610 7.113642 -4.408440
7350.000381 7.079206 -4.422824
7340.000153 7.324836 -4.415950
7329.999924 7.124453 -4.403763
7320.000648 6.956867 -4.472144
7310.000420 7.144592 -4.304737
7300.000191 7.245376 -4.182034
7289.999962 6.975692 -4.231551
7280.000687 7.179813 -4.209608
7270.000458 7.072005 -4.289080
7260.000229 7.043700 -4.322388
7250.000000 7.178068 -4.346522
7240.000725 7.140858 -4.419055
7230.000496 6.900838 -4.237344
7220.000267 7.046782 -4.129648
7210.000038 7.091684 -4.207232
7200.000763 7.148538 -4.218364
7190.000534 6.939169 -4.294300
7180.000305 7.070141 -4.087337
7170.000076 6.939592 -4.380831
7160.000801 7.103645 -4.555710
7150.000572 6.906029 -4.319439
7140.000343 6.992948 -4.319635
7130.000114 6.951930 -4.232177
7119.999886 7.083340 -4.269757
7110.000610 6.875070 -4.309234
7100.000381 6.980867 -4.368509
7090.000153 7.156748 -4.198958
7079.999924 7.130253 -4.415586
7070.000648 6.902086 -4.256749
7060.000420 6.996481 -4.186424
7050.000191 6.924330 -4.186538
7039.999962 7.044999 -4.271402
7030.000687 7.093567 -4.399109
7020.000458 6.974350 -4.182131
7010.000229 6.898151 -4.275745
7000.000000 6.673072 -4.325373
6990.000725 6.932802 -4.259592
6980.000496 6.928697 -4.227334
6970.000267 6.928646 -4.242159
6960.000038 7.118244 -4.343825
6950.000763 6.935730 -4.274824
6940.000534 6.898411 -4.271505
6930.000305 6.878731 -4.070923
6920.000076 7.009123 -4.358161
6910.000801 7.010411 -4.342124
6900.000572 6.968940 -4.311466
6890.000343 6.873837 -4.369352
6880.000114 6.713477 -4.375067
6869.999886 6.807358 -4.284624
6860.000610 6.868501 -4.295090
6850.000381 6.911774 -4.210322
6840.000153 6.949863 -4.277759
6829.999924 7.273752 -4.191415
6820.000648 7.253682 -4.352591
6810.000420 7.126721 -4.130488
6800.000191 7.016677 -4.347693
6789.999962 7.216272 -4.283452
6780.000687 7.263708 -4.236423
6770.000458 7.193954 -4.320372
6760.000229 7.419665 -4.264397
6750.000000 7.226475 -4.440808
6740.000725 7.327472 -4.266297
6730.000496 7.278539 -4.208969
6720.000267 7.484798 -4.313488
6710.000038 7.575116 -4.447628
6700.000763 7.570511 -4.406044
6690.000534 7.514984 -4.242116
6680.000305 7.305312 -4.390317
6670.000076 7.295438 -4.415023
6660.000801 7.369346 -4.360821
6650.000572 7.440232 -4.359902
6640.000343 7.499975 -4.510468
6630.000114 7.455726 -4.431872
6619.999886 7.541942 -4.352651
6610.000610 7.456703 -4.515914
6600.000381 7.394396 -4.409704
6590.000153 7.269470 -4.532685
6579.999924 7.327296 -4.644645
6570.000648 7.500881 -4.528248
6560.000420 7.525223 -4.557278
6550.000191 7.487631 -4.695091
6539.999962 7.349533 -4.684631
6530.000687 7.522683 -4.697203
6520.000458 7.575212 -4.542555
6510.000229 7.513139 -4.518050
6500.000000 7.706714 -4.412758
6490.000725 7.397899 -4.602700
6480.000496 7.364566 -4.514185
6470.000267 7.399051 -4.530549
6460.000038 7.324785 -4.568376
6450.000763 7.450647 -4.548017
6440.000534 7.432933 -4.485089
6430.000305 7.447407 -4.582389
6420.000076 7.488486 -4.638739
6410.000801 7.620748 -4.601432
6400.000572 7.554654 -4.697985
6390.000343 7.512918 -4.532146
6380.000114 7.388520 -4.523495
6369.999886 7.395821 -4.440487
6360.000610 7.552595 -4.605952
6350.000381 7.394253 -4.519485
6340.000153 7.393264 -4.573045
6329.999924 7.395737 -4.543414
6320.000648 7.325710 -4.391501
6310.000420 7.504259 -4.418042
6300.000191 7.241954 -4.543803
6289.999962 7.274373 -4.723151
6280.000687 7.358058 -4.736760
6270.000458 7.298918 -4.597980
6260.000229 7.380984 -4.747644
6250.000000 7.467528 -4.530744
6240.000725 7.344983 -4.606771
6230.000496 7.499096 -4.423302
6220.000267 7.280395 -4.653639
6210.000038 7.305222 -4.743766
6200.000763 7.327271 -4.818261
6190.000534 7.219212 -4.522766
6180.000305 7.263235 -4.638630
6170.000076 7.549232 -4.530460
6160.000801 7.505665 -4.617286
6150.000572 7.574595 -4.668018
6140.000343 7.465020 -4.662477
6130.000114 7.352290 -4.828233
6119.999886 7.377049 -4.539740
6110.000610 7.363820 -4.748186
6100.000381 7.407637 -4.647192
6090.000153 7.369165 -4.688860
6079.999924 7.510035 -4.754852
6070.000648 7.487629 -4.609767
6060.000420 7.445259 -4.623753
6050.000191 7.292320 -4.797403
6039.999962 7.269626 -4.710645
6030.000687 7.336937 -4.593035
6020.000458 7.414540 -4.681008
6010.000229 7.388363 -4.577121
6000.000000 7.369464 -4.743928
5989.999771 7.464264 -4.704911
5979.999542 7.316967 -4.778191
5970.001221 7.549853 -4.702654
5960.000992 7.325397 -4.591872
5950.000763 7.337283 -4.784910
5940.000534 7.312384 -4.659157
5930.000305 7.400227 -4.684729
5920.000076 7.369097 -4.584002
5909.999847 7.346734 -4.715800
5899.999619 7.296656 -4.727703
5890.001297 7.394461 -4.627697
5880.001068 7.178111 -4.778204
5870.000839 7.394561 -4.719518
5860.000610 7.539075 -4.759911
5850.000381 7.285967 -4.773407
5840.000153 7.471436 -4.641175
5829.999924 7.475179 -4.790228
5819.999695 7.447320 -4.724164
5809.999466 7.349546 -4.714121
5800.001144 7.122828 -4.753435
5790.000916 7.405861 -4.638431
5780.000687 7.456184 -4.902519
5770.000458 7.329644 -4.957609
5760.000229 7.608752 -4.865647
5750.000000 7.412271 -4.610132
5739.999771 7.571375 -4.743782
5729.999542 7.304040 -4.696411
5720.001221 7.345876 -4.740018
5710.000992 7.423086 -4.768532
5700.000763 7.459658 -4.698573
5690.000534 7.479786 -4.729399
5680.000305 7.378220 -4.722720
5670.000076 7.596185 -4.749344
5659.999847 7.354784 -4.748112
5649.999619 7.354734 -4.844690
5640.001297 7.277787 -4.819693
5630.001068 7.406517 -4.839665
5620.000839 7.327455 -4.737729
5610.000610 7.298598 -4.886332
5600.000381 7.176482 -4.883758
5590.000153 7.221925 -4.803117
5579.999924 7.256383 -4.735060
5569.999695 7.264476 -4.774656
5559.999466 7.323443 -4.897128
5550.001144 7.220494 -4.809046
5540.000916 7.193883 -4.780214
5530.000687 7.197286 -4.701098
5520.000458 7.306042 -4.682753
5510.000229 7.389895 -5.048583
5500.000000 7.329414 -4.891816
5489.999771 7.363407 -4.905975
5479.999542 7.436473 -4.802526
5470.001221 7.457932 -4.911216
5460.000992 7.462524 -4.814525
5450.000763 7.329158 -4.679989
5440.000534 7.215496 -4.852761
5430.000305 7.151028 -4.767284
5420.000076 7.316771 -4.881556
5409.999847 7.342154 -4.735079
5399.999619 7.386736 -4.728567
5390.001297 7.344464 -4.703682
5380.001068 7.347072 -4.689401
5370.000839 7.215435 -4.811375
5360.000610 7.395112 -4.794410
5350.000381 7.170846 -4.701847
5340.000153 7.276062 -4.671977
5329.999924 7.229710 -4.798205
5319.999695 7.118237 -4.800995
5309.999466 7.062101 -4.906708
5300.001144 7.328406 -4.931474
5290.000916 7.390706 -4.848853
5280.000687 7.304194 -4.733827
5270.000458 7.272282 -4.843975
5260.000229 7.350553 -4.758555
5250.000000 7.310956 -4.854147
5239.999771 7.274242 -4.799150
5229.999542 7.228487 -4.775990
5220.001221 7.188720 -4.770082
5210.000992 7.264996 -4.733361
5200.000763 7.363679 -4.751582
5190.000534 7.312104 -4.679448
5180.000305 7.063028 -4.689945
5170.000076 7.119761 -4.673712
5159.999847 7.328277 -4.763016
5149.999619 7.211412 -4.900849
5140.001297 7.258754 -4.916744
5130.001068 7.188372 -4.955798
5120.000839 7.338989 -4.808216
5110.000610 7.379986 -4.814989
5100.000381 7.259729 -4.908657
5090.000153 7.341270 -4.784322
5079.999924 7.131312 -4.664211
5069.999695 7.036581 -4.696308
5059.999466 7.197753 -4.707490
5050.001144 7.269648 -4.674650
5040.000916 7.271389 -4.683704
5030.000687 7.355228 -4.792315
5020.000458 7.317622 -4.688396
5010.000229 7.344909 -4.889102
5000.000000 7.179672 -4.726501
4989.999771 7.314895 -4.755064
4979.999542 7.330485 -4.716885
4970.001221 7.269602 -4.753899
4960.000992 7.275281 -4.839340
4950.000763 7.391186 -4.666461
4940.000534 7.591241 -4.694312
4930.000305 7.510023 -4.970382
4920.000076 7.409085 -4.742452
4909.999847 7.338225 -4.762018
4899.999619 7.317311 -4.686222
4890.001297 7.317478 -4.606084
4880.001068 7.230403 -4.741119
4870.000839 7.430031 -4.777769
4860.000610 7.569842 -4.874743
4850.000381 7.479464 -4.795163
4840.000153 7.295101 -4.829308
4829.999924 7.145700 -4.705858
4819.999695 7.010726 -4.720396
4809.999466 7.166966 -4.750397
4800.001144 7.188623 -4.749119
4790.000916 7.425710 -4.877987
4780.000687 7.337079 -4.856002
4770.000458 7.388695 -4.799155
4760.000229 7.232148 -4.817970
4750.000000 7.381068 -4.898280
4739.999771 7.315066 -4.850164
4729.999542 7.277453 -4.706874
4720.001221 7.310560 -4.795346
4710.000992 7.332848 -4.840601
4700.000763 7.329546 -4.808719
4690.000534 7.426277 -4.856112
4680.000305 7.291367 -4.725912
4670.000076 7.231037 -4.833944
4659.999847 7.216065 -4.767860
4649.999619 7.260486 -4.795498
4640.001297 7.217768 -4.772259
4630.001068 7.438120 -4.709633
4620.000839 7.199679 -4.759624
4610.000610 7.388609 -4.962287
4600.000381 7.303339 -4.798973
4590.000153 7.245290 -4.782791
4579.999924 7.306198 -4.787782
4569.999695 7.197140 -4.867669
4559.999466 7.050983 -4.831487
4550.001144 7.129510 -4.799106
4540.000916 7.239584 -4.622687
4530.000687 7.317463 -4.856469
4520.000458 7.509500 -4.733303
4510.000229 7.222226 -4.989388
4500.000000 7.228448 -4.870248
4489.999771 7.362252 -4.766012
4479.999542 7.462814 -4.742648
4470.001221 7.417341 -4.817176
4460.000992 7.243145 -4.749485
4450.000763 7.336012 -4.841772
4440.000534 7.245076 -4.831712
4430.000305 7.152964 -4.762677
4420.000076 7.333269 -4.880718
4409.999847 7.516628 -4.866049
4399.999619 7.134268 -4.945435
4390.001297 7.210222 -4.841019
4380.001068 7.512650 -4.764255
4370.000839 7.350913 -4.783778
4360.000610 7.200959 -4.930913
4350.000381 7.437503 -4.943411
4340.000153 7.337497 -4.901813
4329.999924 7.401162 -4.900949
4319.999695 7.477524 -4.916687
4309.999466 7.410592 -4.831009
4300.001144 7.404438 -4.846568
4290.000916 7.575561 -4.891043
4280.000687 7.455641 -4.988169
4270.000458 7.366826 -4.908278
4260.000229 7.294612 -4.865057
4250.000000 7.248196 -4.901178
4239.999771 7.314697 -4.826162
4229.999542 7.455076 -4.782144
4220.001221 7.339457 -4.781453
4210.000992 7.370151 -4.760621
4200.000763 7.261204 -4.778858
4190.000534 7.321411 -4.800380
4180.000305 7.328319 -4.871771
4170.000076 7.184116 -4.783422
4159.999847 7.049668 -4.823195
4149.999619 7.169562 -4.647013
4140.001297 7.432353 -4.579437
4130.001068 7.387696 -4.688861
4120.000839 7.427564 -4.871914
4110.000610 7.306300 -4.826529
4100.000381 7.377040 -4.726277
4090.000153 7.411582 -4.903180
4079.999924 7.311323 -4.956372
4069.999695 7.269167 -4.826680
4059.999466 7.217280 -4.797023
4050.001144 7.333939 -4.846110
4040.000916 7.050864 -4.914982
4030.000687 7.116378 -4.839982
4020.000458 7.178368 -4.689407
4010.000229 7.401712 -4.815454
4000.000000 7.295657 -5.005008
3989.999771 7.379037 -4.940275
3979.999542 7.186314 -4.832853
3970.001221 7.155661 -4.924028
3960.000992 7.263111 -4.861795
3950.000763 7.149913 -4.982184
3940.000534 7.288907 -4.704961
3930.000305 7.303960 -4.909676
3920.000076 7.261290 -5.008357
3909.999847 7.195207 -4.939554
3899.999619 7.288365 -4.876308
3890.001297 7.497969 -4.730246
3880.001068 7.381654 -4.830241
3870.000839 7.310914 -4.900156
3860.000610 7.422892 -4.855360
3850.000381 7.233075 -4.702918
3840.000153 7.300499 -4.882922
3829.999924 7.214217 -4.852029
3819.999695 7.437546 -4.799403
3809.999466 7.409417 -4.797071
3800.001144 7.420104 -4.791176
3790.000916 7.310433 -4.872258
3780.000687 7.597937 -4.673513
3770.000458 7.440584 -4.839430
3760.000229 7.438358 -4.792519
3750.000000 7.336049 -4.783043
3739.999771 7.319230 -4.744168
3729.999542 7.230195 -4.763883
3720.001221 7.509356 -4.821901
3710.000992 7.381329 -4.735139
3700.000763 7.432170 -4.805589
3690.000534 7.444481 -4.768202
3680.000305 7.253217 -4.861236
3670.000076 7.231986 -4.786976
3659.999847 7.303886 -4.807259
3649.999619 7.343099 -4.830117
3640.001297 7.206828 -4.796256
3630.001068 7.209131 -4.906696
3620.000839 7.195500 -4.941284
3610.000610 7.463896 -4.787396
3600.000381 7.507703 -4.784621
3590.000153 7.377737 -4.808067
3579.999924 7.174304 -4.883057
3569.999695 7.316974 -4.837719
3559.999466 7.042330 -4.910012
3550.001144 7.139972 -4.952862
3540.000916 7.239775 -4.956868
3530.000687 7.291154 -4.943199
3520.000458 7.426246 -4.789247
3510.000229 7.381982 -4.808201
3500.000000 7.240300 -4.687304
3489.999771 7.392668 -4.865630
3479.999542 7.435343 -4.895691
3470.001221 7.178407 -4.814487
3460.000992 7.244339 -4.755603
3450.000763 7.338810 -4.820872
3440.000534 7.316424 -4.760229
3430.000305 7.308856 -4.890685
3420.000076 7.226962 -4.812642
3409.999847 7.224489 -4.899218
3399.999619 7.432917 -4.816565
3390.001297 7.221694 -5.029586
3380.001068 7.214460 -4.810545
3370.000839 7.286001 -4.840488
3360.000610 7.355032 -4.974136
3350.000381 7.412515 -4.891035
3340.000153 7.334198 -4.857808
3329.999924 7.296208 -4.700649
3319.999695 7.373914 -4.813590
3309.999466 7.331154 -4.861355
3300.001144 7.288099 -4.797767
3290.000916 7.382175 -4.820400
3280.000687 7.268495 -4.928319
3270.000458 7.381074 -5.002821
3260.000229 7.218686 -4.748686
3250.000000 7.199306 -4.856144
3239.999771 7.290914 -4.781438
3229.999542 7.356274 -4.803512
3220.001221 7.450535 -4.821495
3210.000992 7.262590 -4.846221
3200.000763 7.282248 -4.807485
3190.000534 7.326327 -4.723205
3180.000305 7.152292 -4.783577
3170.000076 7.210489 -4.799302
3159.999847 7.265404 -5.003097
3149.999619 7.335679 -4.905609
3140.001297 7.416915 -4.893440
3130.001068 7.189305 -4.961418
3120.000839 7.336864 -4.940896
3110.000610 7.438998 -4.869250
3100.000381 7.373682 -4.916952
3090.000153 7.342497 -4.747708
3079.999924 7.365656 -4.844083
3069.999695 7.570909 -4.852789
3060.001373 7.454437 -4.837078
3050.001144 7.393602 -4.892551
3040.000916 7.516365 -5.016432
3030.000687 7.320963 -4.696874
3020.000458 7.352749 -4.853632
3010.000229 7.471843 -4.677076
3000.000000 7.444196 -4.686039
2989.999771 7.227767 -4.640265
2979.999542 7.118830 -4.858520
2970.001221 7.137462 -4.883194
2960.000992 7.198547 -4.830414
2950.000763 7.337135 -4.976284
2940.000534 7.381497 -4.881325
2930.000305 7.388335 -4.616310
2920.000076 7.257886 -4.908330
2909.999847 7.458784 -4.880986
2899.999619 7.502970 -4.785407
2890.001297 7.359192 -4.970581
2880.001068 7.123761 -4.865059
2870.000839 7.369906 -4.801074
2860.000610 7.284058 -4.682808
2850.000381 7.141843 -5.069144
2840.000153 7.286663 -4.918997
2829.999924 7.278833 -4.864282
2819.999695 7.294672 -4.851315
2810.001373 7.346717 -4.849587
2800.001144 7.393406 -4.757541
2790.000916 7.146881 -4.885153
2780.000687 7.283173 -4.891699
2770.000458 7.255282 -4.821885
2760.000229 7.212177 -4.785705
2750.000000 7.329614 -4.738796
2739.999771 7.145672 -4.823463
2729.999542 7.139249 -4.790877
2720.001221 7.260172 -4.944583
2710.000992 7.244829 -4.845178
2700.000763 7.349153 -4.816595
2690.000534 7.422997 -5.107658
2680.000305 7.301336 -4.708318
2670.000076 7.285989 -4.931115
2659.999847 7.324448 -4.877837
2649.999619 7.229607 -4.984022
2640.001297 7.132649 -4.947110
2630.001068 6.941274 -4.938221
2620.000839 7.328095 -4.789827
2610.000610 7.425026 -4.848608
2600.000381 7.382670 -4.777222
2590.000153 7.378572 -4.760743
2579.999924 7.240050 -5.020625
2569.999695 7.151546 -4.999391
2560.001373 7.382389 -5.030552
2550.001144 7.234880 -4.881891
2540.000916 7.250416 -4.840591
2530.000687 7.222944 -4.943039
2520.000458 7.285157 -4.685405
2510.000229 7.464561 -4.904166
2500.000000 7.290471 -4.852977
2489.999771 7.264415 -4.948695
2479.999542 7.120762 -4.898702
2470.001221 7.255555 -4.797779
2460.000992 7.361007 -4.994557
2450.000763 7.321681 -4.851459
2440.000534 7.252358 -4.832011
2430.000305 7.248608 -4.842842
2420.000076 7.249781 -4.796470
2409.999847 7.313526 -4.851754
2399.999619 7.177562 -4.923540
2390.001297 7.031006 -4.872988
2380.001068 7.241520 -4.783370
2370.000839 7.310197 -4.908109
2360.000610 7.142807 -4.927523
2350.000381 7.382869 -4.956066
2340.000153 7.384435 -4.825755
2329.999924 7.262988 -4.801714
2319.999695 7.355810 -4.634668
2310.001373 7.412912 -4.857808
2300.001144 7.303256 -4.840304
2290.000916 7.362230 -4.832671
2280.000687 7.340415 -4.882676
2270.000458 7.337199 -4.844174
2260.000229 7.311233 -4.924181
2250.000000 7.281854 -4.925712
2239.999771 7.182664 -4.932074
2229.999542 7.229457 -4.961365
2220.001221 7.195845 -4.902248
2210.000992 7.275919 -4.906321
2200.000763 7.223912 -4.903699
2190.000534 7.365599 -4.822363
2180.000305 7.249703 -4.668890
2170.000076 7.422014 -4.836527
2159.999847 7.392062 -4.779284
2149.999619 7.428236 -4.972530
2140.001297 7.336690 -4.653200
2130.001068 7.416613 -4.759821
2120.000839 7.398906 -4.914213
2110.000610 7.389886 -4.816148
2100.000381 7.100979 -4.789678
2090.000153 7.225015 -4.827917
2079.999924 7.424187 -4.933190
2069.999695 7.336244 -4.871662
2060.001373 7.268494 -4.824844
2050.001144 7.356900 -4.969791
2040.000916 7.287940 -4.693849
2030.000687 7.507303 -4.863237
2020.000458 7.351381 -4.845333
2010.000229 7.470613 -4.783470
2000.000000 7.419606 -4.887193
1989.999771 7.412629 -4.818902
1979.999542 7.388138 -4.938932
1970.001221 7.244594 -4.873938
1960.000992 7.267609 -4.773107
1950.000763 7.344175 -4.580969
1940.000534 7.428587 -4.827049
1930.000305 7.366043 -4.848541
1920.000076 7.398302 -4.771125
1909.999847 7.308813 -4.734297
1899.999619 7.424502 -4.719221
1890.001297 7.151156 -4.817546
1880.001068 7.357920 -4.875781
1870.000839 7.356831 -4.998309
1860.000610 7.425147 -4.935926
1850.000381 7.632225 -4.831745
1840.000153 7.415371 -4.994395
1829.999924 7.434207 -4.838343
1819.999695 7.618999 -4.562600
1810.001373 7.348571 -4.675497
1800.001144 7.306327 -4.673863
1790.000916 7.391432 -4.766086
1780.000687 7.335867 -4.905831
1770.000458 7.245935 -4.855512
1760.000229 7.324801 -4.882110
1750.000000 7.385444 -4.898341
1739.999771 7.367757 -4.746319
1729.999542 7.307369 -4.739214
1720.001221 7.354713 -4.775904
1710.000992 7.440324 -4.794926
1700.000763 7.336008 -4.915343
1690.000534 7.117756 -4.885167
1680.000305 7.267527 -4.916156
1670.000076 7.435332 -4.852847
1659.999847 7.470283 -4.948630
1649.999619 7.421839 -4.734427
1640.001297 7.215799 -4.891037
1630.001068 6.997091 -5.063760
1620.000839 7.389811 -4.994023
1610.000610 7.361709 -5.064324
1600.000381 7.299398 -4.749303
1590.000153 7.313354 -4.957026
1579.999924 7.306017 -4.860984
1569.999695 7.243893 -4.796876
1560.001373 7.335945 -4.950376
1550.001144 7.356252 -4.905909
1540.000916 7.508742 -4.909988
1530.000687 7.284737 -4.826274
1520.000458 7.363928 -4.715618
1510.000229 7.466506 -4.904471
1500.000000 7.400106 -4.728172
1489.999771 7.224312 -4.880944
1479.999542 7.347666 -4.742949
1470.001221 7.200818 -4.879059
1460.000992 7.520468 -4.879711
1450.000763 7.515160 -5.024580
1440.000534 7.248642 -4.900376
1430.000305 7.286746 -4.800453
1420.000076 7.289985 -4.815746
1409.999847 7.189954 -4.832266
1399.999619 7.322802 -4.835997
1390.001297 7.335495 -4.923368
1380.001068 7.301686 -4.925601
1370.000839 7.365092 -4.859407
1360.000610 7.452210 -4.655986
1350.000381 7.435462 -4.938532
1340.000153 7.460025 -4.870198
1329.999924 7.294557 -5.039499
1319.999695 7.210289 -4.842913
1310.001373 7.257360 -4.865564
1300.001144 7.290400 -4.759336
1290.000916 7.163648 -4.903489
1280.000687 7.218764 -4.889955
1270.000458 7.193368 -4.949622
1260.000229 7.171723 -4.898149
1250.000000 7.432125 -4.797258
1239.999771 7.174446 -4.821008
1229.999542 7.150651 -4.887736
1220.001221 7.249001 -4.860072
1210.000992 7.357597 -4.877108
1200.000763 7.416859 -4.937562
1190.000534 7.441233 -4.900875
1180.000305 7.298781 -4.878433
1170.000076 7.385427 -4.820621
1159.999847 7.331489 -4.881097
1149.999619 7.377228 -4.924956
1140.001297 7.417495 -4.889883
1130.001068 7.292286 -4.809511
1120.000839 7.220924 -5.011405
1110.000610 7.158098 -4.763355
1100.000381 7.119444 -4.709872
1090.000153 7.079314 -4.846925
1079.999924 7.142470 -4.638563
1069.999695 7.248139 -4.812546
1060.001373 7.307884 -4.785061
1050.001144 7.308841 -4.901600
1040.000916 7.454786 -4.747982
1030.000687 7.320744 -4.933220
1020.000458 7.202063 -4.875953
1010.000229 7.143936 -4.893007
1000.000000 7.271854 -4.874534
989.999771 7.291313 -4.953162
979.999542 7.322608 -4.880736
970.001221 7.249478 -4.795226
960.000992 7.209930 -4.865773
950.000763 7.409745 -4.957688
940.000534 7.310147 -4.994187
930.000305 7.326495 -4.885957
920.000076 7.434303 -4.939644
909.999847 7.511738 -4.921093
899.999619 7.103680 -4.903993
890.001297 7.068903 -4.816708
880.001068 7.303750 -4.771743
870.000839 7.456716 -4.900895
860.000610 7.447468 -4.968119
850.000381 7.085714 -4.969443
840.000153 7.154023 -4.777363
829.999924 7.218731 -4.831033
819.999695 7.160568 -5.065040
810.001373 7.288689 -4.800944
800.001144 7.391730 -5.007863
790.000916 7.074494 -4.847748
780.000687 7.144030 -4.859098
770.000458 7.425341 -4.676933
760.000229 7.172719 -4.750757
750.000000 7.277275 -4.807834
739.999771 7.325787 -4.823465
729.999542 7.522498 -4.842796
720.001221 7.468802 -4.784693
710.000992 7.419266 -4.817455
700.000763 7.195428 -4.756691
690.000534 7.426878 -4.809426
680.000305 7.108517 -4.838550
670.000076 7.347175 -4.900318
659.999847 7.158805 -4.775466
649.999619 7.104157 -4.965934
640.001297 7.232458 -4.788149
630.001068 7.268113 -4.735612
620.000839 7.230376 -4.763190
610.000610 7.386583 -4.740098
600.000381 7.364443 -4.911237
590.000153 7.304727 -4.718686
579.999924 7.337950 -4.967743
569.999695 7.207751 -4.762831
560.001373 7.418053 -4.823857
550.001144 7.183383 -4.782530
540.000916 7.140839 -4.989944
530.000687 7.354632 -4.790353
520.000458 7.144812 -4.814992
510.000229 7.107103 -5.018543
500.000000 7.174028 -5.036180
489.999771 7.465473 -4.890357
479.999542 7.447551 -4.878174
470.001221 7.392587 -4.966427
460.000992 7.408399 -4.878263
450.000763 7.527790 -5.045011
440.000534 7.380441 -4.856810
430.000305 7.205868 -4.956494
420.000076 7.192714 -4.885097
409.999847 7.198434 -4.811589
399.999619 7.214181 -4.754823
390.001297 7.057327 -4.875731
380.001068 7.270680 -5.017349
370.000839 7.289247 -4.790481
360.000610 7.457612 -4.809963
350.000381 7.336387 -4.849634
340.000153 7.482167 -4.909115
329.999924 7.436573 -5.032993
319.999695 7.163590 -5.071216
310.001373 7.372461 -4.873323
300.001144 7.253445 -4.809713
290.000916 7.372460 -4.847603
280.000687 7.303072 -4.978137
270.000458 7.379658 -4.797268
260.000229 7.403520 -4.742599
250.000000 7.328005 -4.761440
239.999771 7.231819 -4.960213
229.999542 7.302542 -4.730366
220.001221 7.348406 -4.725454
210.000992 7.446469 -4.823296
200.000763 7.256449 -4.868585
190.000534 7.464195 -4.707137
180.000305 7.523804 -4.860944
170.000076 7.440770 -4.890764
159.999847 7.402805 -5.007209
149.999619 7.259139 -4.791543
140.001297 7.379301 -4.895848
130.001068 7.245160 -4.918495
120.000839 7.555474 -4.733590
110.000610 7.294453 -4.841019
100.000381 7.295731 -4.850974
90.000153 7.264595 -4.856908
79.999924 7.261446 -4.881358
69.999695 7.279481 -4.785593
60.001373 7.293409 -4.794691
50.001144 7.278441 -4.882916
40.000916 7.322132 -4.863585
30.000687 7.137894 -4.701409
20.000458 7.166728 -4.837681
10.000229 7.199279 -4.783939
-0.000000 7.294528 -4.783431
-10.000229 7.123635 -4.886681
-20.000458 7.228590 -4.833652
-29.998779 7.376393 -4.945355
