# age N_data S_data
22000.000000 7.385965 -5.255156
21989.999771 7.286997 -5.353013
21979.999542 7.283847 -5.291281
21969.999313 7.222822 -5.276391
21959.999084 7.355512 -5.280679
21950.000763 7.077147 -5.292861
21940.000534 7.250542 -5.467462
21930.000305 7.109226 -5.350801
21920.000076 7.099772 -5.191940
21909.999847 7.386541 -5.156895
21899.999619 7.496283 -5.328942
21889.999390 7.467390 -5.467741
21879.999161 7.256509 -5.515090
21870.000839 7.478367 -5.311473
21860.000610 7.388217 -5.246423
21850.000381 7.371293 -5.439011
21840.000153 7.347888 -5.402930
21829.999924 7.180860 -5.458336
21819.999695 7.275131 -5.240404
21809.999466 7.160154 -5.394335
21799.999237 7.141335 -5.221245
21790.000916 7.403930 -5.383209
21780.000687 7.421967 -5.355963
21770.000458 7.496411 -5.346402
21760.000229 7.113313 -5.401978
21750.000000 7.166574 -5.124531
21739.999771 7.494968 -5.374373
21729.999542 7.473280 -5.274995
21719.999313 7.514013 -5.295283
21709.999084 7.359144 -5.266508
21700.000763 7.294445 -5.284190
21690.000534 7.197658 -5.308671
21680.000305 7.436867 -5.291833
21670.000076 7.196626 -5.465375
21659.999847 7.091459 -5.174434
21649.999619 7.111847 -5.370014
21639.999390 7.111231 -5.250173
21629.999161 7.089516 -5.366280
21620.000839 7.055253 -5.304524
21610.000610 7.193398 -5.411814
21600.000381 7.306043 -5.239790
21590.000153 7.332071 -5.222992
21579.999924 7.264968 -5.249683
21569.999695 7.161036 -5.392242
21559.999466 7.282778 -5.311044
21549.999237 7.128079 -5.363370
21540.000916 7.246713 -5.234754
21530.000687 7.095917 -5.212943
21520.000458 7.395259 -5.346956
21510.000229 7.230444 -5.362519
21500.000000 7.367573 -5.347228
21489.999771 7.356375 -5.516647
21479.999542 7.359965 -5.204617
21469.999313 7.291036 -5.312946
21459.999084 7.213826 -5.301611
21450.000763 7.225999 -5.408075
21440.000534 7.284963 -5.484970
21430.000305 7.123495 -5.265667
21420.000076 7.197498 -5.335044
21409.999847 7.241998 -5.309006
21399.999619 7.260624 -5.435231
21389.999390 7.288750 -5.436362
21379.999161 7.301280 -5.405677
21370.000839 7.129568 -5.314713
21360.000610 7.270039 -5.418916
21350.000381 6.962070 -5.415277
21340.000153 6.916937 -5.338725
21329.999924 7.120576 -5.271246
21319.999695 7.073922 -5.294694
21309.999466 6.806324 -5.452561
21299.999237 6.960790 -5.396189
21290.000916 7.145851 -5.367644
21280.000687 7.109932 -5.508138
21270.000458 7.191930 -5.183376
21260.000229 7.131627 -5.276085
21250.000000 7.295195 -5.290983
21239.999771 7.005537 -5.336694
21229.999542 7.052727 -5.266366
21219.999313 7.074596 -5.484860
21209.999084 7.061322 -5.349775
21200.000763 7.295251 -5.385516
21190.000534 7.299588 -5.460305
21180.000305 7.092420 -5.200669
21170.000076 6.954730 -5.121833
21159.999847 7.146388 -5.284617
21149.999619 7.287909 -5.245758
21139.999390 7.265841 -5.372420
21129.999161 7.195401 -5.266916
21120.000839 7.119428 -5.370803
21110.000610 7.267803 -5.379402
21100.000381 7.381217 -5.505964
21090.000153 7.446349 -5.319941
21079.999924 7.269157 -5.206256
21069.999695 7.078913 -5.365888
21059.999466 7.095677 -5.404779
21049.999237 7.162425 -5.342977
21040.000916 7.298942 -5.368847
21030.000687 6.977744 -5.420690
21020.000458 7.065145 -5.404455
21010.000229 7.132533 -5.406221
21000.000000 7.106216 -5.285945
20989.999771 7.131023 -5.448671
20979.999542 7.178434 -5.306365
20969.999313 7.390981 -5.242443
20959.999084 7.226444 -5.252375
20950.000763 7.220001 -5.374200
20940.000534 6.916312 -5.472040
20930.000305 6.946310 -5.441776
20920.000076 7.036356 -5.493697
20909.999847 7.139302 -5.252425
20899.999619 6.993758 -5.353456
20889.999390 7.042549 -5.293185
20879.999161 7.134306 -5.142333
20870.000839 7.193354 -5.335495
20860.000610 7.264380 -5.360596
20850.000381 7.035733 -5.295155
20840.000153 7.250788 -5.243233
20829.999924 7.124839 -5.343925
20819.999695 7.194173 -5.345979
20809.999466 7.005609 -5.372952
20799.999237 7.050806 -5.407118
20790.000916 7.255945 -5.019440
20780.000687 7.255578 -5.337147
20770.000458 7.142510 -5.416320
20760.000229 7.274052 -5.462562
20750.000000 7.205652 -5.474989
20739.999771 7.194201 -5.373916
20729.999542 7.210256 -5.141169
20719.999313 7.136287 -5.252580
20709.999084 6.964308 -5.409631
20700.000763 7.120881 -5.388094
20690.000534 6.967726 -5.356406
20680.000305 6.946282 -5.412710
20670.000076 6.969772 -5.356157
20659.999847 7.048832 -5.382314
20649.999619 7.092792 -5.411828
20639.999390 6.935993 -5.305229
20629.999161 7.060947 -5.397992
20620.000839 7.218974 -5.312221
20610.000610 7.093666 -5.447530
20600.000381 7.217321 -5.446850
20590.000153 7.037594 -5.440753
20579.999924 7.231439 -5.393586
20569.999695 7.423499 -5.319360
20559.999466 7.264765 -5.227454
20549.999237 7.038906 -5.337217
20540.000916 6.915581 -5.398127
20530.000687 7.135719 -5.514265
20520.000458 7.180471 -5.349905
20510.000229 7.145581 -5.500261
20500.000000 7.151802 -5.296478
20489.999771 7.234931 -5.400985
20479.999542 6.978947 -5.458297
20469.999313 6.960285 -5.338361
20459.999084 7.119266 -5.383775
20450.000763 7.220323 -5.310914
20440.000534 7.139020 -5.229260
20430.000305 6.962324 -5.388194
20420.000076 7.099484 -5.337421
20409.999847 7.072986 -5.373028
20399.999619 6.893508 -5.385806
20389.999390 6.856100 -5.368127
20379.999161 7.181547 -5.305313
20370.000839 7.188757 -5.276095
20360.000610 7.139594 -5.466736
20350.000381 7.104831 -5.449613
20340.000153 7.182095 -5.357239
20329.999924 7.141300 -5.172623
20319.999695 7.030129 -5.324359
20309.999466 7.020736 -5.390586
20299.999237 6.998985 -5.464662
20290.000916 7.035451 -5.507099
20280.000687 7.131152 -5.240609
20270.000458 7.176987 -5.318045
20260.000229 7.132610 -5.556181
20250.000000 7.204862 -5.304325
20239.999771 7.023826 -5.319598
20229.999542 7.079360 -5.428390
20219.999313 7.055780 -5.289355
20209.999084 6.826886 -5.382293
20200.000763 6.894610 -5.235505
20190.000534 7.199630 -5.484455
20180.000305 7.177670 -5.261368
20170.000076 7.061686 -5.497735
20159.999847 7.164733 -5.315212
20149.999619 7.158361 -5.289917
20139.999390 7.011639 -5.502673
20129.999161 6.944581 -5.345590
20120.000839 7.074275 -5.383991
20110.000610 7.213462 -5.477331
20100.000381 7.087444 -5.387624
20090.000153 7.060216 -5.385672
20079.999924 7.207980 -5.387434
20069.999695 6.886095 -5.374271
20059.999466 7.056986 -5.303194
20049.999237 7.131871 -5.296614
20040.000916 7.357451 -5.457450
20030.000687 6.980500 -5.437366
20020.000458 6.813320 -5.517530
20010.000229 7.046769 -5.343393
20000.000000 6.954962 -5.570942
19989.999771 7.115663 -5.444439
19979.999542 7.165573 -5.232410
19969.999313 7.136260 -5.279863
19959.999084 6.994567 -5.268879
19950.000763 7.213654 -5.230926
19940.000534 7.105098 -5.287504
19930.000305 6.847231 -5.195825
19920.000076 7.169987 -5.373226
19909.999847 7.049280 -5.368324
19899.999619 7.115011 -5.440257
19889.999390 7.112067 -5.396851
19880.001068 7.049809 -5.283134
19870.000839 7.153782 -5.185231
19860.000610 7.090679 -5.395614
19850.000381 6.881393 -5.149814
19840.000153 7.089159 -5.240033
19829.999924 6.885781 -5.265175
19819.999695 7.118858 -5.291564
19809.999466 6.960421 -5.393989
19799.999237 6.988227 -5.338387
19790.000916 7.039775 -5.420629
19780.000687 7.090207 -5.258288
19770.000458 7.127385 -5.175751
19760.000229 7.179003 -5.195633
19750.000000 6.939852 -5.230778
19739.999771 6.831188 -5.014256
19729.999542 7.079012 -5.193535
19719.999313 7.092423 -5.342407
19709.999084 7.231871 -5.215793
19700.000763 7.179112 -5.452541
19690.000534 7.172573 -5.288741
19680.000305 7.085573 -5.380255
19670.000076 7.075096 -5.409658
19659.999847 6.798378 -5.349620
19649.999619 7.027877 -5.352015
19639.999390 7.165362 -5.309413
19630.001068 7.200466 -5.143428
19620.000839 6.983493 -5.195515
19610.000610 7.003546 -5.257018
19600.000381 7.151240 -5.325044
19590.000153 7.270002 -5.291699
19579.999924 7.136179 -5.145765
19569.999695 6.954493 -5.396759
19559.999466 7.025786 -5.477957
19549.999237 6.946589 -5.293622
19540.000916 7.027430 -5.457068
19530.000687 7.164512 -5.210037
19520.000458 7.259491 -5.245875
19510.000229 6.945454 -5.395649
19500.000000 6.815133 -5.362949
19489.999771 6.994721 -5.320620
19479.999542 7.054739 -5.323238
19469.999313 7.246936 -5.067863
19459.999084 7.084892 -5.217886
19450.000763 6.915430 -5.288868
19440.000534 6.997447 -5.271961
19430.000305 7.067206 -5.258524
19420.000076 6.954097 -5.220089
19409.999847 6.977500 -5.250606
19399.999619 6.945522 -5.385294
19389.999390 7.116271 -5.164002
19380.001068 6.983565 -5.293704
19370.000839 6.951237 -5.281934
19360.000610 7.085068 -5.393122
19350.000381 7.098346 -5.231046
19340.000153 7.155559 -5.202038
19329.999924 6.935806 -5.342176
19319.999695 7.203615 -5.329963
19309.999466 7.147019 -5.262366
19299.999237 7.252010 -5.320041
19290.000916 7.248092 -5.346718
19280.000687 7.139935 -5.441890
19270.000458 7.171077 -5.314752
19260.000229 7.171763 -5.211021
19250.000000 7.113632 -5.399570
19239.999771 7.102199 -5.217750
19229.999542 7.050780 -5.326726
19219.999313 7.122689 -5.170922
19209.999084 7.063169 -5.386306
19200.000763 7.132418 -5.351685
19190.000534 7.066340 -5.518427
19180.000305 7.157437 -5.238124
19170.000076 7.152210 -5.300358
19159.999847 7.119984 -5.217246
19149.999619 7.119014 -5.184310
19139.999390 6.727892 -5.366038
19130.001068 6.959656 -5.401463
19120.000839 7.104091 -5.197342
19110.000610 7.215820 -5.281371
19100.000381 7.075486 -5.228699
19090.000153 7.072818 -5.245899
19079.999924 7.064976 -5.126337
19069.999695 7.238110 -5.159838
19059.999466 7.051733 -5.185290
19049.999237 6.932993 -5.490328
19040.000916 7.061046 -5.346296
19030.000687 6.940291 -5.047388
19020.000458 7.179246 -5.311708
19010.000229 7.068783 -5.336054
19000.000000 7.173993 -5.325062
18989.999771 7.106967 -5.279934
18979.999542 7.018879 -5.152190
18969.999313 7.216601 -5.247749
18959.999084 7.043354 -5.426173
18950.000763 7.089671 -5.169487
18940.000534 7.075279 -5.215487
18930.000305 7.167053 -5.266387
18920.000076 7.261846 -5.184827
18909.999847 7.263795 -5.277853
18899.999619 7.147096 -5.204753
18889.999390 7.161924 -5.179993
18880.001068 7.043443 -5.188738
18870.000839 7.060137 -5.263959
18860.000610 6.972540 -5.185565
18850.000381 6.887350 -5.194595
18840.000153 7.009696 -5.172908
18829.999924 6.868251 -5.198921
18819.999695 6.873294 -5.471978
18809.999466 6.919514 -5.357045
18799.999237 6.847271 -5.136545
18790.000916 6.833638 -5.263806
18780.000687 6.924523 -5.274624
18770.000458 7.133167 -5.252129
18760.000229 7.062242 -5.324527
18750.000000 7.052133 -5.227322
18739.999771 7.355164 -5.172562
18729.999542 7.105278 -5.224081
18719.999313 7.076221 -5.215617
18709.999084 7.142387 -5.182903
18700.000763 7.047778 -5.109417
18690.000534 7.038865 -5.205454
18680.000305 7.093496 -5.043898
18670.000076 6.991211 -5.318584
18659.999847 7.116894 -5.266397
18649.999619 7.147773 -5.306595
18639.999390 7.042993 -5.232454
18630.001068 6.883771 -5.367183
18620.000839 7.099700 -5.285733
18610.000610 7.049022 -5.181722
18600.000381 6.964864 -5.239799
18590.000153 7.006102 -5.343990
18579.999924 6.998476 -5.109651
18569.999695 6.920597 -5.232464
18559.999466 6.950819 -5.070345
18549.999237 7.050657 -5.106368
18540.000916 7.188736 -5.367387
18530.000687 6.989941 -5.322650
18520.000458 6.864275 -5.187764
18510.000229 7.005018 -5.185251
18500.000000 6.919578 -5.163511
18489.999771 7.072895 -5.232920
18479.999542 6.957257 -5.341764
18469.999313 7.024087 -5.044258
18459.999084 6.983191 -5.125965
18450.000763 6.998428 -5.097803
18440.000534 7.067287 -5.208263
18430.000305 7.217854 -5.327567
18420.000076 7.072743 -5.343512
18409.999847 6.901648 -5.090642
18399.999619 6.967209 -5.245273
18389.999390 6.913455 -5.131295
18380.001068 7.102134 -5.328380
18370.000839 6.991966 -5.107754
18360.000610 7.009005 -5.141942
18350.000381 7.097763 -5.139739
18340.000153 7.017874 -5.205201
18329.999924 7.082847 -5.185850
18319.999695 7.100265 -5.287952
18309.999466 7.043734 -5.161683
18299.999237 7.033552 -5.299268
18290.000916 7.104480 -5.219162
18280.000687 7.124468 -5.211525
18270.000458 7.016422 -5.237553
18260.000229 6.959292 -5.267899
18250.000000 7.057067 -5.058682
18239.999771 7.054885 -5.267943
18229.999542 6.884289 -5.153512
18219.999313 7.028896 -5.161982
18209.999084 7.007463 -5.128029
18200.000763 6.997993 -5.246349
18190.000534 6.812654 -5.180766
18180.000305 6.848698 -5.118430
18170.000076 7.055437 -5.237567
18159.999847 7.007864 -5.152551
18149.999619 6.931358 -5.021259
18139.999390 7.233558 -5.204415
18130.001068 6.909242 -5.049192
18120.000839 6.986108 -5.200442
18110.000610 6.898246 -5.308443
18100.000381 7.161275 -5.217934
18090.000153 7.088828 -5.179380
18079.999924 7.174716 -5.176115
18069.999695 7.095204 -5.177133
18059.999466 7.263432 -5.063852
18049.999237 7.252233 -5.138176
18040.000916 6.935272 -5.243640
18030.000687 7.106790 -5.082160
18020.000458 7.158563 -5.372845
18010.000229 6.970788 -5.142103
18000.000000 7.000962 -5.196404
17989.999771 7.132747 -5.125670
17979.999542 7.180085 -5.132384
17970.001221 7.128878 -5.247925
17959.999084 7.076114 -5.165744
17950.000763 6.976900 -5.249896
17940.000534 7.072990 -5.334059
17930.000305 6.950090 -5.186745
17920.000076 7.199799 -5.017559
17909.999847 7.185208 -5.118928
17899.999619 7.125311 -5.172592
17889.999390 7.076424 -5.074974
17880.001068 7.276796 -5.126230
17869.998932 7.204580 -5.150485
17860.000610 7.224319 -5.240989
17850.000381 7.002039 -5.143525
17840.000153 7.128618 -5.102114
17829.999924 7.202970 -5.117349
17819.999695 7.155879 -4.996606
17809.999466 7.277411 -4.960423
17799.999237 7.121951 -5.065864
17790.000916 7.212495 -5.136485
17780.000687 7.073718 -5.170795
17770.000458 7.084511 -5.105244
17760.000229 7.020886 -5.168757
17750.000000 6.892652 -5.242079
17739.999771 7.074431 -5.127525
17729.999542 7.195441 -5.154032
17720.001221 7.112347 -5.105004
17709.999084 7.097449 -5.079107
17700.000763 7.023508 -5.128397
17690.000534 6.977968 -5.280452
17680.000305 7.107279 -5.101544
17670.000076 7.163107 -5.026169
17659.999847 6.964028 -4.925333
17649.999619 7.037898 -5.263028
17639.999390 7.089482 -5.076078
17630.001068 7.022527 -4.962815
17619.998932 7.121797 -5.106804
17610.000610 7.007047 -5.064681
17600.000381 6.901672 -5.153834
17590.000153 6.960462 -5.117007
17579.999924 7.117536 -5.070706
17569.999695 7.153283 -5.001373
17559.999466 6.926273 -5.153540
17549.999237 6.954751 -5.066599
17540.000916 7.063458 -5.137583
17530.000687 7.158768 -5.095317
17520.000458 7.122601 -5.112674
17510.000229 7.336898 -5.030745
17500.000000 7.489845 -5.019508
17489.999771 7.147253 -5.023031
17479.999542 7.170096 -5.209576
17470.001221 7.193734 -5.097629
17459.999084 7.106972 -5.095153
17450.000763 7.158072 -5.084038
17440.000534 7.177942 -5.211378
17430.000305 6.951038 -5.063633
17420.000076 6.961664 -5.053158
17409.999847 6.979087 -4.997506
17399.999619 7.034558 -5.146760
17389.999390 6.969020 -5.047042
17380.001068 7.169032 -5.052302
17369.998932 7.150003 -5.056974
17360.000610 7.153822 -5.246141
17350.000381 7.041643 -5.109884
17340.000153 6.969181 -5.020087
17329.999924 7.008193 -5.119706
17319.999695 6.934185 -5.170634
17309.999466 7.059622 -5.050571
17299.999237 7.142298 -5.114115
17290.000916 7.030622 -5.108430
17280.000687 7.238612 -5.235958
17270.000458 7.116273 -4.980319
17260.000229 7.177931 -5.159320
17250.000000 7.096233 -5.185941
17239.999771 7.026624 -5.156636
17229.999542 7.143743 -5.319483
17220.001221 7.205758 -5.183340
17209.999084 7.242492 -5.031213
17200.000763 7.137929 -5.203640
17190.000534 7.464377 -5.153821
17180.000305 7.316305 -5.208420
17170.000076 7.142410 -5.269242
17159.999847 7.365858 -5.256380
17149.999619 7.023784 -5.256497
17139.999390 7.148194 -5.170336
17130.001068 7.228482 -5.136011
17119.998932 7.202825 -5.067605
17110.000610 7.219381 -5.066176
17100.000381 6.974372 -5.200807
17090.000153 6.964705 -5.126799
17079.999924 6.942830 -5.203806
17069.999695 7.018954 -5.151009
17059.999466 7.024681 -5.230701
17049.999237 7.016482 -5.131242
17040.000916 7.024100 -5.060788
17030.000687 7.091810 -5.206994
17020.000458 7.106705 -5.114766
17010.000229 7.236572 -5.142891
17000.000000 7.095626 -5.255751
16989.999771 7.127007 -5.095004
16979.999542 7.087722 -5.047383
16970.001221 6.823934 -5.132711
16959.999084 6.854483 -5.255933
16950.000763 7.158926 -5.245823
16940.000534 7.054371 -5.144274
16930.000305 7.282025 -5.074636
16920.000076 7.364068 -5.202615
16909.999847 7.158767 -5.207856
16899.999619 7.240215 -5.452605
16889.999390 7.271320 -5.256466
16880.001068 6.938709 -5.096299
16869.998932 7.128601 -5.272878
16860.000610 7.182120 -5.146322
16850.000381 7.117517 -5.235261
16840.000153 7.176070 -5.175425
16829.999924 7.027046 -5.083740
16819.999695 6.989499 -4.951161
16809.999466 7.114895 -5.147337
16799.999237 7.083845 -5.194873
16790.000916 7.071801 -5.223971
16780.000687 7.326473 -5.069363
16770.000458 7.153723 -5.214316
16760.000229 7.059409 -5.260890
16750.000000 7.185466 -4.997184
16739.999771 7.073076 -4.995581
16729.999542 7.087773 -5.117909
16720.001221 7.163783 -5.067641
16709.999084 7.215995 -5.107409
16700.000763 7.117389 -5.034432
16690.000534 7.159256 -5.122143
16680.000305 7.001070 -5.246818
16670.000076 7.120266 -5.249775
16659.999847 7.130317 -5.176309
16649.999619 7.014359 -5.145959
16639.999390 7.158519 -5.267044
16630.001068 7.184973 -4.986375
16619.998932 7.084537 -5.103939
16610.000610 6.926322 -4.990277
16600.000381 7.131829 -5.274662
16590.000153 7.111575 -5.224490
16579.999924 7.130837 -5.187604
16569.999695 7.059156 -5.152107
16559.999466 7.075589 -5.150772
16549.999237 7.068112 -5.062097
16540.000916 6.910466 -5.031529
16530.000687 6.885276 -5.142740
16520.000458 6.967120 -5.108259
16510.000229 6.964795 -5.142421
16500.000000 7.160718 -4.967449
16489.999771 7.137789 -4.947033
16479.999542 7.116798 -5.152839
16470.001221 7.163058 -5.091291
16459.999084 7.154817 -5.166269
16450.000763 7.251527 -4.998544
16440.000534 7.056217 -5.212932
16430.000305 6.903523 -5.197358
16420.000076 7.032230 -5.130776
16409.999847 6.994540 -5.120236
16399.999619 6.874712 -5.032005
16389.999390 7.013216 -5.216776
16380.001068 7.001597 -5.278362
16370.000839 6.836668 -5.050302
16360.000610 7.121214 -4.986658
16350.000381 7.104557 -5.160480
16340.000153 6.961611 -5.189109
16329.999924 6.926255 -5.155539
16319.999695 6.933332 -5.073549
16309.999466 7.033281 -5.204181
16299.999237 7.068395 -4.902981
16290.000916 7.074762 -4.872617
16280.000687 6.987136 -5.053479
16270.000458 6.657511 -5.268202
16260.000229 6.754792 -5.108550
16250.000000 6.990982 -5.024358
16239.999771 7.084844 -5.145076
16229.999542 6.998835 -5.082861
16220.001221 7.044965 -5.082475
16209.999084 6.960855 -5.103684
16200.000763 6.979316 -4.979459
16190.000534 7.027708 -5.096544
16180.000305 7.175137 -5.133353
16170.000076 7.156691 -5.029244
16159.999847 6.969479 -5.102811
16149.999619 7.053844 -4.863555
16139.999390 7.081139 -5.125396
16130.001068 7.114096 -5.134382
16120.000839 7.100889 -5.139494
16110.000610 7.032221 -5.151079
16100.000381 7.074163 -5.066200
16090.000153 7.101600 -4.987493
16079.999924 7.229781 -4.996365
16069.999695 6.891223 -4.947352
16059.999466 7.031793 -5.053558
16049.999237 7.001227 -5.071743
16040.000916 6.976222 -5.170156
16030.000687 7.015230 -5.029564
16020.000458 7.145801 -5.064070
16010.000229 7.016173 -5.179872
16000.000000 7.062420 -5.036269
15989.999771 7.027109 -4.984405
15979.999542 6.978180 -5.048475
15970.000267 6.928021 -5.093736
15960.000038 7.093731 -5.074177
15950.000763 7.055137 -5.005626
15940.000534 7.166828 -5.151777
15930.000305 6.994595 -5.264541
15920.000076 6.994850 -5.141285
15909.999847 6.974373 -5.160013
15899.999619 7.004471 -4.957310
15890.000343 7.091869 -5.142275
15880.000114 7.247607 -5.129082
15870.000839 7.006180 -5.202147
15860.000610 7.078723 -5.117660
15850.000381 6.967129 -5.149740
15840.000153 7.052587 -5.051277
15829.999924 7.164642 -5.187409
15819.999695 7.031317 -5.145836
15809.999466 6.927517 -4.948981
15800.000191 7.145132 -5.188621
15789.999962 7.089196 -5.152025
15780.000687 7.160967 -5.041443
15770.000458 7.198613 -5.248475
15760.000229 7.005616 -5.180770
15750.000000 7.064312 -5.313632
15739.999771 7.083850 -5.196324
15729.999542 6.960474 -4.812175
15720.000267 7.004588 -5.082267
15710.000038 7.031322 -5.266597
15700.000763 6.952884 -5.104636
15690.000534 6.928420 -5.136469
15680.000305 6.732595 -4.999427
15670.000076 6.809354 -4.890492
15659.999847 6.954743 -4.904450
15649.999619 6.901300 -4.946515
15640.000343 7.030745 -5.066288
15630.000114 6.930594 -5.126331
15620.000839 6.983380 -4.994549
15610.000610 6.970244 -5.080151
15600.000381 6.940949 -4.983631
15590.000153 6.977698 -5.059770
15579.999924 7.109214 -4.951258
15569.999695 7.059814 -5.046315
15559.999466 7.006205 -5.168990
15550.000191 6.993537 -5.043561
15539.999962 7.123418 -5.097875
15530.000687 7.215410 -4.991187
15520.000458 7.061672 -5.030494
15510.000229 6.964335 -4.966310
15500.000000 7.166122 -5.157829
15489.999771 7.032747 -5.066586
15479.999542 7.132017 -5.072365
15470.000267 7.079277 -5.125210
15460.000038 7.099287 -5.134510
15450.000763 7.200241 -4.907393
15440.000534 7.028241 -5.136089
15430.000305 6.859450 -5.121307
15420.000076 6.996810 -4.972965
15409.999847 6.971524 -5.120556
15399.999619 7.164440 -5.126783
15390.000343 7.123343 -4.982247
15380.000114 6.929182 -5.110583
15370.000839 7.060281 -5.125440
15360.000610 7.089759 -5.207999
15350.000381 7.039982 -5.297271
15340.000153 7.084058 -5.183793
15329.999924 7.080218 -5.183626
15319.999695 7.100289 -5.009899
15309.999466 7.027555 -5.319786
15300.000191 6.945384 -5.113064
15289.999962 7.019190 -5.011211
15280.000687 6.894389 -5.094803
15270.000458 7.224320 -5.144232
15260.000229 7.277545 -5.220485
15250.000000 7.112499 -5.130666
15239.999771 7.131897 -5.225329
15229.999542 7.044275 -5.118094
15220.000267 7.076097 -5.095410
15210.000038 7.126125 -5.085398
15200.000763 7.166858 -4.977163
15190.000534 7.060516 -5.175614
15180.000305 6.991444 -5.166767
15170.000076 7.054469 -5.167462
15159.999847 7.101796 -5.042456
15149.999619 7.157930 -5.053024
15140.000343 7.029353 -4.977374
15130.000114 7.041698 -5.142699
15120.000839 7.204964 -5.133525
15110.000610 7.021698 -5.232815
15100.000381 7.154679 -5.056148
15090.000153 7.214045 -5.131899
15079.999924 7.290073 -4.906739
15069.999695 7.177881 -4.955138
15059.999466 7.140580 -4.891319
15050.000191 7.300769 -4.693023
15039.999962 7.071576 -4.864006
15030.000687 7.166324 -4.960484
15020.000458 7.146130 -4.951423
15010.000229 7.115997 -5.079251
15000.000000 7.264030 -5.158527
14989.999771 7.236634 -5.209909
14979.999542 7.173310 -5.040555
14970.000267 7.263008 -5.099144
14960.000038 7.217966 -5.079391
14950.000763 7.250982 -5.000541
14940.000534 7.245010 -5.028600
14930.000305 7.232963 -5.122176
14920.000076 7.299892 -5.134191
14909.999847 7.281688 -5.008429
14899.999619 7.294832 -5.282250
14890.000343 7.171353 -5.068847
14880.000114 7.241836 -4.955286
14870.000839 7.258081 -4.928501
14860.000610 7.152331 -5.052383
14850.000381 7.221820 -5.074273
14840.000153 7.247272 -5.030303
14829.999924 7.256387 -5.087553
14819.999695 7.285150 -4.982039
14809.999466 7.337042 -5.016984
14800.000191 7.200479 -4.845918
14789.999962 7.223343 -4.989314
14780.000687 7.163360 -5.015496
14770.000458 7.282216 -5.090595
14760.000229 7.223680 -5.097378
14750.000000 7.024206 -5.035671
14739.999771 7.183750 -4.987061
14729.999542 7.119141 -4.879800
14720.000267 7.160078 -5.000783
14710.000038 7.434216 -4.908126
14700.000763 7.364035 -5.013056
14690.000534 7.259028 -4.975101
14680.000305 7.172811 -5.018671
14670.000076 7.165946 -5.005007
14659.999847 7.338317 -5.124328
14649.999619 7.109428 -5.047900
14640.000343 7.063002 -5.000700
14630.000114 7.232019 -4.924199
14620.000839 7.388365 -5.030684
14610.000610 7.452305 -5.077077
14600.000381 7.324790 -4.988826
14590.000153 7.338319 -5.140902
14579.999924 7.239939 -5.164633
14569.999695 7.236280 -5.168300
14559.999466 7.251702 -5.041135
14550.000191 7.203856 -5.207231
14539.999962 7.360181 -4.869107
14530.000687 7.250832 -5.144560
14520.000458 7.234349 -5.134339
14510.000229 7.317108 -4.943082
14500.000000 7.268578 -5.062619
14489.999771 7.143896 -5.139436
14479.999542 7.285744 -5.040311
14470.000267 7.180770 -4.960678
14460.000038 7.353440 -5.161602
14450.000763 7.335667 -5.067954
14440.000534 7.293323 -5.077213
14430.000305 7.295566 -5.074639
14420.000076 7.347285 -5.042030
14409.999847 7.224312 -5.030950
14399.999619 7.201492 -5.073145
14390.000343 7.268244 -5.037370
14380.000114 7.392036 -5.034068
14370.000839 7.239829 -5.071815
14360.000610 7.048071 -5.098016
14350.000381 7.199136 -5.135675
14340.000153 7.371382 -4.997971
14329.999924 7.279072 -5.148831
14319.999695 7.077441 -5.092781
14309.999466 7.190651 -5.001281
14300.000191 7.339482 -5.185244
14289.999962 7.371050 -5.078269
14280.000687 7.426968 -5.084906
14270.000458 7.297245 -4.963246
14260.000229 7.236491 -4.975227
14250.000000 7.475461 -4.931829
14239.999771 7.272109 -4.833989
14229.999542 7.225588 -4.976224
14220.000267 7.217444 -5.064527
14210.000038 7.454675 -4.926900
14200.000763 7.519992 -4.964580
14190.000534 7.423854 -4.934368
14180.000305 7.325059 -5.048707
14170.000076 7.570985 -4.996348
14159.999847 7.299070 -5.021727
14149.999619 7.479321 -4.991244
14140.000343 7.367679 -4.936970
14130.000114 7.404895 -4.875948
14120.000839 7.387608 -5.106508
14110.000610 7.388931 -5.043471
14100.000381 7.442085 -4.926282
14090.000153 7.320321 -5.167847
14079.999924 7.379081 -4.980025
14069.999695 7.504758 -5.022796
14059.999466 7.502396 -4.930646
14050.000191 7.414234 -5.064695
14039.999962 7.341928 -5.055135
14030.000687 7.439940 -5.027202
14020.000458 7.416194 -5.025819
14010.000229 7.368063 -4.999684
14000.000000 7.385914 -5.004078
13989.999771 7.517531 -4.980526
13980.000496 7.511558 -5.050434
13970.000267 7.723490 -4.910356
13960.000038 7.652365 -5.084863
13949.999809 7.652819 -4.975957
13940.000534 7.594796 -4.946996
13930.000305 7.445722 -5.046430
13920.000076 7.569643 -5.038395
13909.999847 7.680625 -5.051626
13900.000572 7.547727 -4.911371
13890.000343 7.528170 -5.038115
13880.000114 7.547306 -5.094177
13869.999886 7.543175 -5.032435
13860.000610 7.691533 -5.047524
13850.000381 7.595453 -5.139404
13840.000153 7.481555 -4.900726
13829.999924 7.492148 -5.031729
13820.000648 7.585993 -4.994000
13810.000420 7.578492 -4.926411
13800.000191 7.580769 -4.974292
13789.999962 7.347740 -5.146534
13779.999733 7.617104 -5.008227
13770.000458 7.676783 -5.002727
13760.000229 7.557869 -5.072185
13750.000000 7.696643 -5.045861
13739.999771 7.675369 -4.956845
13730.000496 7.709224 -4.960810
13720.000267 7.691392 -4.954981
13710.000038 7.622171 -4.925059
13699.999809 7.688835 -4.959185
13690.000534 7.586933 -5.148257
13680.000305 7.628273 -5.224874
13670.000076 7.555361 -5.037832
13659.999847 7.798859 -4.908821
13650.000572 7.793572 -5.144033
13640.000343 7.497836 -5.175814
13630.000114 7.649225 -4.879143
13619.999886 7.532539 -4.774732
13610.000610 7.630446 -4.941114
13600.000381 7.691750 -5.045534
13590.000153 7.548911 -4.798767
13579.999924 7.512755 -4.932609
13570.000648 7.838027 -4.778191
13560.000420 7.698589 -4.865897
13550.000191 7.692367 -5.088418
13539.999962 7.666134 -5.122728
13529.999733 7.585429 -5.047288
13520.000458 7.605559 -5.013946
13510.000229 7.707720 -4.812937
13500.000000 7.633545 -5.020279
13489.999771 7.579673 -5.053832
13480.000496 7.579733 -4.952194
13470.000267 7.617646 -5.060437
13460.000038 7.738678 -4.920195
13449.999809 7.524761 -4.830138
13440.000534 7.518603 -5.148536
13430.000305 7.875299 -4.973380
13420.000076 7.628919 -4.930304
13409.999847 7.660509 -4.838797
13400.000572 7.589844 -4.888047
13390.000343 7.660736 -4.823418
13380.000114 7.575631 -4.945531
13369.999886 7.601907 -4.908492
13360.000610 7.751597 -4.866669
13350.000381 7.640588 -4.864555
13340.000153 7.794879 -4.922824
13329.999924 7.766663 -5.022523
13320.000648 7.644081 -4.995569
13310.000420 7.610738 -5.012509
13300.000191 7.696474 -5.071216
13289.999962 7.738252 -5.004567
13279.999733 7.679269 -4.803087
13270.000458 7.765635 -4.950639
13260.000229 7.798230 -5.000537
13250.000000 7.911737 -4.892197
13239.999771 7.862280 -4.833779
13230.000496 7.703745 -5.007896
13220.000267 7.660037 -5.065657
13210.000038 7.749505 -5.046051
13199.999809 7.729366 -5.054134
13190.000534 7.924095 -4.929499
13180.000305 7.984686 -5.000840
13170.000076 7.954794 -5.007624
13159.999847 7.671699 -5.085091
13150.000572 7.654086 -4.795498
13140.000343 7.716961 -4.971460
13130.000114 7.782762 -5.019894
13119.999886 7.990537 -5.042553
13110.000610 7.822877 -5.098118
13100.000381 7.645173 -4.845733
13090.000153 7.952551 -4.933280
13079.999924 7.804949 -5.007365
13070.000648 7.729582 -5.161545
13060.000420 7.737394 -5.027776
13050.000191 7.637595 -5.036496
13039.999962 7.816222 -5.067176
13029.999733 7.947096 -5.011191
13020.000458 7.806648 -5.021408
13010.000229 7.731258 -4.995463
13000.000000 7.683200 -4.978576
12989.999771 7.767341 -4.966578
12980.000496 7.775327 -5.117400
12970.000267 7.696296 -4.784716
12960.000038 7.831499 -5.060461
12949.999809 7.827195 -4.982546
12940.000534 7.754302 -4.936553
12930.000305 7.746921 -4.946028
12920.000076 7.719780 -4.943740
12909.999847 7.721386 -4.769093
12900.000572 7.689194 -4.923936
12890.000343 7.748017 -4.876230
12880.000114 7.972275 -4.983613
12869.999886 7.826999 -4.956516
12860.000610 7.744763 -4.885932
12850.000381 7.900160 -4.816952
12840.000153 7.854942 -5.007861
12829.999924 7.618232 -5.088709
12820.000648 7.698843 -4.901230
12810.000420 7.799249 -4.892226
12800.000191 7.760495 -4.913434
12789.999962 7.800434 -5.073852
12779.999733 7.785317 -5.163065
12770.000458 7.833980 -4.813530
12760.000229 7.725669 -4.745552
12750.000000 7.825014 -4.860543
12739.999771 7.715428 -5.039864
12730.000496 7.740013 -4.830291
12720.000267 7.706903 -4.890112
12710.000038 7.593785 -4.949187
12699.999809 7.789342 -4.879205
12690.000534 7.689610 -4.979126
12680.000305 7.868014 -4.878934
12670.000076 7.826690 -4.658663
12659.999847 7.846106 -4.826299
12650.000572 7.816648 -4.923717
12640.000343 7.967794 -4.803103
12630.000114 7.830775 -5.010382
12619.999886 7.770827 -4.972374
12610.000610 7.672346 -5.123293
12600.000381 7.731656 -4.933651
12590.000153 7.717586 -4.908347
12579.999924 7.473189 -4.998052
12570.000648 7.751936 -4.925939
12560.000420 7.780723 -4.934921
12550.000191 7.896477 -4.836401
12539.999962 7.942531 -4.849891
12530.000687 7.939308 -4.797545
12520.000458 7.873406 -5.044730
12510.000229 7.993830 -4.841540
12500.000000 7.817595 -4.821242
12489.999771 7.825674 -4.819692
12480.000496 7.852124 -4.827066
12470.000267 7.934226 -4.904158
12460.000038 7.889947 -4.889701
12449.999809 7.948772 -5.022232
12440.000534 7.750035 -4.825405
12430.000305 7.646641 -4.848480
12420.000076 7.724761 -5.049327
12409.999847 7.825053 -4.966469
12400.000572 7.913153 -4.931877
12390.000343 7.804415 -4.717780
12380.000114 7.823386 -4.964059
12369.999886 7.884471 -4.952452
12360.000610 7.940092 -4.989496
12350.000381 7.854643 -5.073350
12340.000153 7.985518 -5.081107
12329.999924 7.909687 -4.995265
12320.000648 7.889738 -5.002900
12310.000420 7.720437 -4.920109
12300.000191 7.914669 -4.929617
12289.999962 7.959028 -4.786921
12280.000687 7.812147 -4.782824
12270.000458 7.768072 -4.800535
12260.000229 7.783332 -4.818687
12250.000000 7.837204 -4.992491
12239.999771 7.727374 -4.771387
12230.000496 7.813186 -4.767444
12220.000267 7.883038 -4.935693
12210.000038 7.967492 -4.796296
12199.999809 7.908039 -4.811528
12190.000534 7.700511 -4.907251
12180.000305 7.917548 -4.810928
12170.000076 7.972031 -5.074752
12159.999847 7.801184 -5.019073
12150.000572 7.773742 -4.897813
12140.000343 7.838610 -4.857336
12130.000114 7.843907 -5.009413
12119.999886 7.755352 -4.959631
12110.000610 7.834660 -4.898108
12100.000381 7.967942 -4.804810
12090.000153 7.850024 -4.823320
12079.999924 7.907943 -4.752303
12070.000648 7.765688 -4.885642
12060.000420 7.949859 -4.988249
12050.000191 7.761466 -4.934424
12039.999962 7.984224 -4.845193
12030.000687 7.916348 -4.888439
12020.000458 7.929256 -4.673005
12010.000229 7.669542 -4.884379
12000.000000 7.766907 -4.758231
11989.999771 7.872142 -4.750886
11980.000496 7.790259 -4.861154
11970.000267 7.951750 -4.904889
11960.000038 7.903689 -4.916811
11949.999809 7.961976 -4.957988
11940.000534 8.004842 -4.741088
11930.000305 7.777990 -4.859738
11920.000076 7.812069 -4.912388
11909.999847 7.762278 -4.953252
11900.000572 7.788592 -4.720108
11890.000343 7.894272 -4.758284
11880.000114 8.067131 -5.001924
11869.999886 7.931614 -4.811897
11860.000610 8.056841 -4.882623
11850.000381 8.192375 -4.756192
11840.000153 7.956850 -4.851853
11829.999924 8.047553 -4.868347
11820.000648 7.814529 -4.822997
11810.000420 8.080531 -4.825233
11800.000191 8.081005 -4.809409
11789.999962 8.044519 -4.945656
11780.000687 8.023224 -4.904608
11770.000458 8.089821 -4.830342
11760.000229 7.857272 -4.720940
11750.000000 7.998251 -4.810650
11739.999771 7.990237 -4.876988
11730.000496 8.050171 -4.720778
11720.000267 8.187483 -4.873194
11710.000038 8.041327 -4.917128
11699.999809 8.150726 -4.691229
11690.000534 7.946658 -4.847802
11680.000305 8.099275 -4.833291
11670.000076 8.094031 -4.753314
11659.999847 7.913745 -4.882201
11650.000572 8.041360 -4.839995
11640.000343 8.014231 -4.716786
11630.000114 7.992448 -4.796186
11619.999886 8.059618 -4.736266
11610.000610 8.146812 -4.850042
11600.000381 8.192032 -4.766393
11590.000153 8.117001 -4.764034
11579.999924 7.850367 -4.852979
11570.000648 8.048343 -4.895319
11560.000420 8.167473 -4.702928
11550.000191 8.068698 -4.720438
11539.999962 8.007365 -4.791579
11530.000687 8.024688 -4.762839
11520.000458 7.952051 -4.813854
11510.000229 7.963709 -4.869130
11500.000000 8.025806 -4.928618
11489.999771 8.168222 -4.972020
11480.000496 8.186024 -4.791582
11470.000267 8.168659 -4.796908
11460.000038 8.055645 -4.645800
11449.999809 7.986764 -4.767404
11440.000534 8.169450 -4.683021
11430.000305 8.007220 -4.869869
11420.000076 8.126683 -4.827714
11409.999847 7.951748 -4.859687
11400.000572 7.978029 -4.745401
11390.000343 8.050694 -4.730468
11380.000114 7.909749 -4.817951
11369.999886 8.016968 -4.745766
11360.000610 8.116401 -4.697385
11350.000381 8.082689 -4.857466
11340.000153 8.158264 -4.842809
11329.999924 8.079573 -4.856739
11320.000648 8.098537 -4.916822
11310.000420 8.103743 -4.800697
11300.000191 8.060009 -4.831902
11289.999962 8.187164 -4.818416
11280.000687 8.123548 -4.684677
11270.000458 8.132633 -4.525317
11260.000229 8.130248 -4.696599
11250.000000 8.063267 -4.753748
11239.999771 8.016137 -4.602611
11230.000496 8.072145 -4.881919
11220.000267 8.176209 -4.746040
11210.000038 8.157409 -4.934569
11199.999809 8.194151 -4.850252
11190.000534 8.153999 -4.622044
11180.000305 8.171020 -4.785733
11170.000076 8.080590 -4.793409
11159.999847 8.201121 -4.781765
11150.000572 8.275244 -4.839934
11140.000343 8.316122 -4.879470
11130.000114 8.236802 -4.958462
11119.999886 8.095364 -4.837819
11110.000610 8.151896 -4.547590
11100.000381 8.122400 -4.657573
11090.000153 8.247704 -4.935974
11079.999924 8.160168 -4.724540
11070.000648 7.979580 -4.877357
11060.000420 7.997439 -4.724598
11050.000191 8.128003 -4.763566
11039.999962 7.994575 -4.751142
11030.000687 8.007798 -4.817516
11020.000458 8.222129 -4.672499
11010.000229 8.006274 -4.707085
11000.000000 7.974519 -4.719874
10989.999771 8.175848 -4.657603
10980.000496 8.154235 -4.610647
10970.000267 8.176865 -4.786251
10960.000038 8.177833 -4.675121
10949.999809 8.159182 -4.737258
10940.000534 8.313082 -4.851574
10930.000305 8.102621 -4.732975
10920.000076 8.258779 -4.764120
10909.999847 8.145528 -4.731213
10900.000572 8.126197 -4.792609
10890.000343 8.174702 -4.890029
10880.000114 8.226911 -4.687220
10869.999886 7.965796 -4.720259
10860.000610 8.192411 -4.868251
10850.000381 8.219392 -4.550671
10840.000153 7.998794 -4.586876
10829.999924 8.191698 -4.797115
10820.000648 8.124761 -4.709166
10810.000420 8.067469 -4.725893
10800.000191 8.218752 -4.721795
10789.999962 8.071754 -4.967955
10780.000687 8.238610 -4.680892
10770.000458 8.200800 -4.690595
10760.000229 8.133785 -4.714224
10750.000000 8.122946 -4.855212
10740.000725 8.020067 -4.720154
10730.000496 8.171174 -4.899665
10720.000267 8.335295 -4.859588
10710.000038 8.203720 -4.823493
10699.999809 8.153651 -4.648082
10690.000534 8.039897 -4.683223
10680.000305 8.137268 -4.672644
10670.000076 8.122698 -4.631974
10659.999847 8.419596 -4.682324
10650.000572 8.176101 -4.794620
10640.000343 8.211120 -4.794933
10630.000114 8.269403 -4.742007
10619.999886 8.148502 -4.878621
10610.000610 8.264585 -4.707893
10600.000381 8.087579 -4.700310
10590.000153 8.149993 -4.530718
10579.999924 8.140747 -4.606405
10570.000648 8.145171 -4.781068
10560.000420 8.209661 -4.616207
10550.000191 8.316906 -4.625582
10539.999962 8.304932 -4.814379
10530.000687 8.309563 -4.753611
10520.000458 8.290672 -4.705414
10510.000229 8.277686 -4.597417
10500.000000 8.153537 -4.686336
10490.000725 8.028337 -4.681655
10480.000496 8.256173 -4.723409
10470.000267 8.320925 -4.770250
10460.000038 8.300305 -4.671286
10449.999809 8.122531 -4.675586
10440.000534 8.081942 -4.744815
10430.000305 8.199729 -4.834927
10420.000076 8.164711 -4.709316
10409.999847 8.015622 -4.824650
10400.000572 8.133260 -4.915399
10390.000343 8.177330 -4.791544
10380.000114 8.042648 -4.735958
10369.999886 8.162556 -4.661879
10360.000610 8.138890 -4.687721
10350.000381 8.019259 -4.588931
10340.000153 8.042628 -4.729505
10329.999924 8.178672 -4.715801
10320.000648 8.171700 -4.711314
10310.000420 8.027574 -4.736795
10300.000191 8.023106 -4.702688
10289.999962 8.095101 -4.707208
10280.000687 8.216829 -4.835969
10270.000458 8.187119 -4.706890
10260.000229 8.075352 -4.534573
10250.000000 8.172860 -4.767795
10240.000725 8.191567 -4.733265
10230.000496 8.231118 -4.692440
10220.000267 8.181203 -4.695618
10210.000038 8.221971 -4.826458
10199.999809 8.202154 -4.739315
10190.000534 7.995894 -4.715516
10180.000305 7.957853 -4.610033
10170.000076 8.148559 -4.649054
10159.999847 7.998600 -4.764396
10150.000572 8.131454 -4.732061
10140.000343 8.062498 -4.813248
10130.000114 8.170269 -4.792877
10119.999886 8.157119 -4.667597
10110.000610 8.307130 -4.467888
10100.000381 8.300212 -4.744901
10090.000153 8.277197 -4.710390
10079.999924 8.246323 -4.698145
10070.000648 8.207178 -4.628043
10060.000420 8.192704 -4.585296
10050.000191 8.142955 -4.573318
10039.999962 8.206033 -4.737285
10030.000687 8.118506 -4.476259
10020.000458 8.299164 -4.465736
10010.000229 8.366065 -4.535294
10000.000000 8.123895 -4.791023
9990.000725 8.079602 -4.762554
9980.000496 8.043187 -4.485439
9970.000267 8.249846 -4.395127
9960.000038 8.091441 -4.616609
9949.999809 8.173298 -4.686808
9940.000534 8.006032 -4.560374
9930.000305 8.206241 -4.621196
9920.000076 8.196505 -4.609381
9909.999847 8.301420 -4.651852
9900.000572 8.053513 -4.658382
9890.000343 8.146819 -4.668784
9880.000114 8.288354 -4.712082
9869.999886 8.314513 -4.723175
9860.000610 8.301609 -4.543197
9850.000381 8.172220 -4.685025
9840.000153 8.196987 -4.744073
9829.999924 8.305953 -4.640546
9820.000648 8.306350 -4.492063
9810.000420 8.146861 -4.702508
9800.000191 8.209615 -4.616656
9789.999962 8.183516 -4.745896
9780.000687 7.983467 -4.664892
9770.000458 8.134042 -4.613406
9760.000229 8.149030 -4.486467
9750.000000 8.287499 -4.699483
9740.000725 8.312659 -4.699212
9730.000496 8.266061 -4.577844
9720.000267 8.185304 -4.650091
9710.000038 8.242500 -4.548566
9699.999809 8.266161 -4.457275
9690.000534 8.297578 -4.554685
9680.000305 8.180839 -4.576459
9670.000076 8.287721 -4.623020
9659.999847 8.290678 -4.524035
9650.000572 8.283400 -4.693697
9640.000343 8.213169 -4.684623
9630.000114 8.297807 -4.522964
9619.999886 8.284950 -4.550455
9610.000610 8.220183 -4.422296
9600.000381 8.181383 -4.580273
9590.000153 8.250362 -4.766364
9579.999924 8.298735 -4.597332
9570.000648 8.198183 -4.709760
9560.000420 8.280667 -4.766828
9550.000191 8.216539 -4.752102
9539.999962 8.250382 -4.511614
9530.000687 8.048643 -4.556801
9520.000458 8.351096 -4.632838
9510.000229 8.279572 -4.579827
9500.000000 8.308555 -4.748443
9490.000725 8.271579 -4.723274
9480.000496 8.119353 -4.743713
9470.000267 8.281077 -4.600290
9460.000038 8.209521 -4.649102
9449.999809 8.336304 -4.787264
9440.000534 8.259421 -4.661738
9430.000305 8.306813 -4.687213
9420.000076 8.337548 -4.637537
9409.999847 8.252836 -4.628874
9400.000572 8.139906 -4.664987
9390.000343 8.289892 -4.638843
9380.000114 8.243990 -4.630928
9369.999886 8.138142 -4.843188
9360.000610 8.373119 -4.722158
9350.000381 8.168710 -4.783247
9340.000153 8.225199 -4.762107
9329.999924 7.996607 -4.704818
9320.000648 8.173581 -4.465600
9310.000420 8.350593 -4.801153
9300.000191 8.383723 -4.555592
9289.999962 8.276168 -4.609586
9280.000687 8.418131 -4.589055
9270.000458 8.339377 -4.573593
9260.000229 8.290547 -4.632487
9250.000000 8.218517 -4.537542
9240.000725 8.379119 -4.661634
9230.000496 8.296972 -4.585499
9220.000267 8.193993 -4.705125
9210.000038 8.379958 -4.464963
9200.000763 8.223540 -4.595265
9190.000534 8.347252 -4.651209
9180.000305 8.191613 -4.520992
9170.000076 8.376104 -4.454080
9159.999847 8.341979 -4.669622
9150.000572 8.246465 -4.695831
9140.000343 8.236629 -4.711967
9130.000114 8.290941 -4.394473
9119.999886 8.327134 -4.611053
9110.000610 8.421309 -4.643453
9100.000381 8.397189 -4.566145
9090.000153 8.097670 -4.580885
9079.999924 8.122620 -4.553064
9070.000648 8.223529 -4.619775
9060.000420 8.402958 -4.572797
9050.000191 8.330153 -4.604443
9039.999962 8.268658 -4.718239
9030.000687 8.313172 -4.589061
9020.000458 8.320696 -4.780633
9010.000229 8.241636 -4.589088
9000.000000 8.371736 -4.654497
8990.000725 8.247436 -4.496187
8980.000496 8.146670 -4.526152
8970.000267 8.085540 -4.557657
8960.000038 8.122251 -4.560273
8950.000763 8.244490 -4.644057
8940.000534 8.129514 -4.504921
8930.000305 8.319729 -4.601207
8920.000076 8.158182 -4.614432
8909.999847 8.142106 -4.579949
8900.000572 8.170588 -4.587749
8890.000343 8.184463 -4.767000
8880.000114 8.047784 -4.585828
8869.999886 8.317729 -4.550879
8860.000610 8.228009 -4.582505
8850.000381 8.168750 -4.610922
8840.000153 8.204870 -4.593210
8829.999924 8.315010 -4.536588
8820.000648 8.213326 -4.553749
8810.000420 8.201823 -4.532647
8800.000191 8.272154 -4.539649
8789.999962 8.256656 -4.421286
8780.000687 8.189820 -4.567099
8770.000458 8.074264 -4.470397
8760.000229 8.306744 -4.565284
8750.000000 8.335963 -4.596563
8740.000725 8.142883 -4.554933
8730.000496 8.306467 -4.652777
8720.000267 8.412435 -4.518423
8710.000038 8.246451 -4.631536
8700.000763 8.333402 -4.284191
8690.000534 8.426230 -4.486274
8680.000305 8.315751 -4.588962
8670.000076 8.403991 -4.656485
8659.999847 8.243554 -4.585135
8650.000572 8.239148 -4.607286
8640.000343 8.183471 -4.662652
8630.000114 8.310641 -4.482947
8619.999886 8.104295 -4.614840
8610.000610 8.097562 -4.496358
8600.000381 8.224880 -4.492776
8590.000153 8.218821 -4.623672
8579.999924 8.098921 -4.698762
8570.000648 8.211853 -4.592821
8560.000420 8.268764 -4.738997
8550.000191 8.290355 -4.612196
8539.999962 8.208471 -4.551898
8530.000687 8.379237 -4.651067
8520.000458 8.124346 -4.579856
8510.000229 8.044749 -4.550052
8500.000000 8.274298 -4.606101
8490.000725 8.319966 -4.532785
8480.000496 8.310020 -4.615836
8470.000267 8.256927 -4.528208
8460.000038 8.186409 -4.618776
8450.000763 8.172182 -4.555110
8440.000534 8.233635 -4.534119
8430.000305 8.234365 -4.483113
8420.000076 8.308495 -4.577878
8409.999847 8.260035 -4.574413
8400.000572 8.353559 -4.486981
8390.000343 8.290220 -4.541985
8380.000114 8.328971 -4.697056
8369.999886 8.371581 -4.554839
8360.000610 8.317607 -4.629618
8350.000381 8.305725 -4.483776
8340.000153 8.481695 -4.516825
8329.999924 8.330660 -4.549096
8320.000648 8.464461 -4.322083
8310.000420 8.304325 -4.465292
8300.000191 8.381870 -4.592837
8289.999962 8.217274 -4.556342
8280.000687 8.300895 -4.519751
8270.000458 8.421104 -4.442333
8260.000229 8.260595 -4.492101
8250.000000 8.270336 -4.477970
8240.000725 8.247504 -4.499092
8230.000496 8.272027 -4.509406
8220.000267 8.403151 -4.594243
8210.000038 8.333722 -4.587481
8200.000763 8.329857 -4.434049
8190.000534 8.418983 -4.518702
8180.000305 8.293494 -4.516289
8170.000076 8.346114 -4.574549
8159.999847 8.420835 -4.516868
8150.000572 8.597024 -4.478153
8140.000343 8.402969 -4.612987
8130.000114 8.413927 -4.688581
8119.999886 8.318929 -4.653400
8110.000610 8.381951 -4.475526
8100.000381 8.316195 -4.522104
8090.000153 8.390683 -4.619224
8079.999924 8.452965 -4.421979
8070.000648 8.501392 -4.428368
8060.000420 8.417002 -4.504526
8050.000191 8.178497 -4.619017
8039.999962 8.368010 -4.403333
8030.000687 8.321980 -4.486050
8020.000458 8.381734 -4.447471
8010.000229 8.320209 -4.369025
8000.000000 8.341446 -4.517154
7990.000725 8.330930 -4.471573
7980.000496 8.375068 -4.437127
7970.000267 8.371595 -4.543925
7960.000038 8.464506 -4.350787
7950.000763 8.565021 -4.412064
7940.000534 8.277322 -4.390154
7930.000305 8.362115 -4.436951
7920.000076 8.195040 -4.483835
7909.999847 8.216417 -4.463069
7900.000572 8.271300 -4.480448
7890.000343 8.266092 -4.273250
7880.000114 8.440491 -4.501894
7869.999886 8.357434 -4.558345
7860.000610 8.387197 -4.393521
7850.000381 8.511366 -4.402679
7840.000153 8.466322 -4.329437
7829.999924 8.372215 -4.477405
7820.000648 8.430328 -4.504435
7810.000420 8.469206 -4.441318
7800.000191 8.401103 -4.398237
7789.999962 8.336762 -4.391010
7780.000687 8.393243 -4.392671
7770.000458 8.394163 -4.507114
7760.000229 8.383411 -4.427166
7750.000000 8.330806 -4.708251
7740.000725 8.411479 -4.397203
7730.000496 8.424066 -4.373959
7720.000267 8.433345 -4.395376
7710.000038 8.420748 -4.362095
7700.000763 8.307273 -4.248476
7690.000534 8.395561 -4.368688
7680.000305 8.575991 -4.337798
7670.000076 8.504108 -4.482482
7659.999847 8.572818 -4.388296
7650.000572 8.571318 -4.569675
7640.000343 8.464054 -4.528215
7630.000114 8.501243 -4.528034
7619.999886 8.333480 -4.417495
7610.000610 8.604126 -4.391058
7600.000381 8.276060 -4.415643
7590.000153 8.381273 -4.505560
7579.999924 8.475346 -4.536100
7570.000648 8.404294 -4.290650
7560.000420 8.393850 -4.425531
7550.000191 8.322728 -4.579979
7539.999962 8.471517 -4.385724
7530.000687 8.426400 -4.513975
7520.000458 8.440341 -4.461078
7510.000229 8.294192 -4.508576
7500.000000 8.386714 -4.460542
7490.000725 8.438754 -4.367285
7480.000496 8.369211 -4.499817
7470.000267 8.322773 -4.442399
7460.000038 8.327173 -4.331578
7450.000763 8.270471 -4.387490
7440.000534 8.381829 -4.408468
7430.000305 8.357008 -4.413633
7420.000076 8.367958 -4.226590
7410.000801 8.418753 -4.450267
7400.000572 8.275621 -4.515689
7390.000343 8.300565 -4.583410
7380.000114 8.328585 -4.415883
7369.999886 8.409261 -4.334088
7360.000610 8.396918 -4.371119
7350.000381 8.118292 -4.436224
7340.000153 8.364326 -4.273247
7329.999924 8.418230 -4.576695
7320.000648 8.560823 -4.485808
7310.000420 8.327254 -4.426080
7300.000191 8.335028 -4.417863
7289.999962 8.185281 -4.324136
7280.000687 8.345532 -4.469887
7270.000458 8.350178 -4.363029
7260.000229 8.274069 -4.322454
7250.000000 8.360349 -4.274020
7240.000725 8.381359 -4.365010
7230.000496 8.313651 -4.337786
7220.000267 8.499988 -4.371687
7210.000038 8.358774 -4.393523
7200.000763 8.455891 -4.400275
7190.000534 8.449704 -4.376099
7180.000305 8.391274 -4.361657
7170.000076 8.548175 -4.672559
7160.000801 8.497380 -4.452838
7150.000572 8.298762 -4.409931
7140.000343 8.374613 -4.451085
7130.000114 8.346059 -4.468531
7119.999886 8.457853 -4.527035
7110.000610 8.513021 -4.333446
7100.000381 8.452841 -4.370347
7090.000153 8.461341 -4.449247
7079.999924 8.379737 -4.471382
7070.000648 8.426052 -4.419446
7060.000420 8.482268 -4.372873
7050.000191 8.548291 -4.307713
7039.999962 8.392292 -4.410065
7030.000687 8.402820 -4.326357
7020.000458 8.334995 -4.364563
7010.000229 8.358236 -4.375455
7000.000000 8.445980 -4.360386
6990.000725 8.391981 -4.444351
6980.000496 8.395253 -4.345571
6970.000267 8.354977 -4.261117
6960.000038 8.266152 -4.487227
6950.000763 8.414102 -4.486926
6940.000534 8.348683 -4.486396
6930.000305 8.442144 -4.547866
6920.000076 8.447514 -4.499310
6910.000801 8.300514 -4.433405
6900.000572 8.238413 -4.452670
6890.000343 8.537184 -4.362632
6880.000114 8.526697 -4.428397
6869.999886 8.425681 -4.306250
6860.000610 8.497377 -4.597016
6850.000381 8.518765 -4.467729
6840.000153 8.524707 -4.495003
6829.999924 8.490976 -4.513365
6820.000648 8.512798 -4.403905
6810.000420 8.346405 -4.474857
6800.000191 8.362487 -4.535372
6789.999962 8.426466 -4.428427
6780.000687 8.562314 -4.378868
6770.000458 8.353151 -4.421936
6760.000229 8.410449 -4.388928
6750.000000 8.562618 -4.349970
6740.000725 8.569770 -4.502542
6730.000496 8.433695 -4.478570
6720.000267 8.550580 -4.546962
6710.000038 8.503337 -4.368655
6700.000763 8.477785 -4.351222
6690.000534 8.477620 -4.265609
6680.000305 8.388220 -4.432639
6670.000076 8.490333 -4.411213
6660.000801 8.514903 -4.420493
6650.000572 8.492106 -4.318211
6640.000343 8.545963 -4.399443
6630.000114 8.337144 -4.433355
6619.999886 8.495963 -4.343538
6610.000610 8.580171 -4.415342
6600.000381 8.564426 -4.429235
6590.000153 8.518730 -4.390736
6579.999924 8.486990 -4.591475
6570.000648 8.423738 -4.358581
6560.000420 8.502765 -4.359330
6550.000191 8.571899 -4.450275
6539.999962 8.422042 -4.509172
6530.000687 8.492801 -4.204052
6520.000458 8.572917 -4.236236
6510.000229 8.440102 -4.410371
6500.000000 8.405713 -4.279554
6490.000725 8.498839 -4.229669
6480.000496 8.310966 -4.344609
6470.000267 8.427091 -4.122248
6460.000038 8.630120 -4.301636
6450.000763 8.720490 -4.346896
6440.000534 8.424479 -4.370270
6430.000305 8.447129 -4.306881
6420.000076 8.458873 -4.477167
6410.000801 8.410076 -4.323557
6400.000572 8.454978 -4.464864
6390.000343 8.353778 -4.430407
6380.000114 8.520882 -4.404988
6369.999886 8.392531 -4.412103
6360.000610 8.547601 -4.393307
6350.000381 8.570432 -4.469459
6340.000153 8.354174 -4.505873
6329.999924 8.452071 -4.254765
6320.000648 8.466593 -4.320251
6310.000420 8.520244 -4.297460
6300.000191 8.572135 -4.434053
6289.999962 8.428849 -4.521453
6280.000687 8.546761 -4.447969
6270.000458 8.480896 -4.457817
6260.000229 8.475765 -4.280048
6250.000000 8.503639 -4.286849
6240.000725 8.354487 -4.380526
6230.000496 8.441433 -4.414981
6220.000267 8.554836 -4.269936
6210.000038 8.425589 -4.155094
6200.000763 8.515132 -4.219409
6190.000534 8.320114 -4.481152
6180.000305 8.497059 -4.307619
6170.000076 8.543012 -4.471543
6160.000801 8.316545 -4.385141
6150.000572 8.423028 -4.423610
6140.000343 8.410532 -4.123767
6130.000114 8.138971 -4.327231
6119.999886 8.206034 -4.419168
6110.000610 8.662873 -4.354642
6100.000381 8.526509 -4.437868
6090.000153 8.517495 -4.362856
6079.999924 8.512365 -4.299825
6070.000648 8.495469 -4.323838
6060.000420 8.538466 -4.489105
6050.000191 8.358733 -4.474903
6039.999962 8.382688 -4.439486
6030.000687 8.432698 -4.167835
6020.000458 8.434833 -4.281185
6010.000229 8.237201 -4.220773
6000.000000 8.552001 -4.301009
5989.999771 8.377012 -4.283562
5979.999542 8.437293 -4.338978
5970.001221 8.416151 -4.456001
5960.000992 8.503596 -4.275608
5950.000763 8.608042 -4.421730
5940.000534 8.550740 -4.378949
5930.000305 8.453143 -4.360115
5920.000076 8.494478 -4.406609
5909.999847 8.602036 -4.395713
5899.999619 8.543907 -4.342970
5890.001297 8.485108 -4.334045
5880.001068 8.384367 -4.423973
5870.000839 8.466767 -4.297469
5860.000610 8.487199 -4.244435
5850.000381 8.667112 -4.314780
5840.000153 8.534439 -4.340610
5829.999924 8.445178 -4.317554
5819.999695 8.545236 -4.408614
5809.999466 8.427452 -4.321340
5800.001144 8.524463 -4.421328
5790.000916 8.476895 -4.403284
5780.000687 8.514523 -4.484999
5770.000458 8.446455 -4.354440
5760.000229 8.439456 -4.325442
5750.000000 8.516038 -4.296795
5739.999771 8.395591 -4.349077
5729.999542 8.536559 -4.346747
5720.001221 8.515575 -4.238641
5710.000992 8.504100 -4.410700
5700.000763 8.335596 -4.177331
5690.000534 8.332519 -4.338457
5680.000305 8.432185 -4.251248
5670.000076 8.375102 -4.267478
5659.999847 8.483777 -4.351344
5649.999619 8.553076 -4.364264
5640.001297 8.367744 -4.269759
5630.001068 8.482566 -4.426461
5620.000839 8.416549 -4.281396
5610.000610 8.383825 -4.274048
5600.000381 8.443972 -4.199193
5590.000153 8.555380 -4.373322
5579.999924 8.461466 -4.400835
5569.999695 8.426072 -4.498573
5559.999466 8.457147 -4.280845
5550.001144 8.553438 -4.303917
5540.000916 8.649146 -4.408578
5530.000687 8.290067 -4.392279
5520.000458 8.510310 -4.329700
5510.000229 8.494551 -4.237283
5500.000000 8.412992 -4.326698
5489.999771 8.489605 -4.345629
5479.999542 8.479524 -4.367901
5470.001221 8.538015 -4.363237
5460.000992 8.616619 -4.341437
5450.000763 8.449482 -4.375199
5440.000534 8.463605 -4.410705
5430.000305 8.451327 -4.462203
5420.000076 8.596589 -4.318461
5409.999847 8.535069 -4.322679
5399.999619 8.384631 -4.226595
5390.001297 8.418216 -4.228150
5380.001068 8.310240 -4.437660
5370.000839 8.591920 -4.293914
5360.000610 8.430001 -4.400126
5350.000381 8.438923 -4.253776
5340.000153 8.437605 -4.310961
5329.999924 8.358906 -4.363129
5319.999695 8.353832 -4.393017
5309.999466 8.423359 -4.126721
5300.001144 8.379541 -4.294671
5290.000916 8.399709 -4.219245
5280.000687 8.512383 -4.216883
5270.000458 8.441601 -4.235506
5260.000229 8.553876 -4.303966
5250.000000 8.519129 -4.394639
5239.999771 8.441873 -4.264235
5229.999542 8.479227 -4.204390
5220.001221 8.544692 -4.163588
5210.000992 8.525741 -4.342872
5200.000763 8.533502 -4.553156
5190.000534 8.674484 -4.320863
5180.000305 8.467722 -4.339794
5170.000076 8.407989 -4.289984
5159.999847 8.407667 -4.358581
5149.999619 8.671599 -4.271798
5140.001297 8.443458 -4.308360
5130.001068 8.557419 -4.490053
5120.000839 8.484526 -4.220879
5110.000610 8.443793 -4.349143
5100.000381 8.582321 -4.273937
5090.000153 8.570614 -4.253420
5079.999924 8.613913 -4.302889
5069.999695 8.675369 -4.311669
5059.999466 8.504541 -4.429459
5050.001144 8.570444 -4.302684
5040.000916 8.407911 -4.331320
5030.000687 8.457125 -4.189992
5020.000458 8.403332 -4.425710
5010.000229 8.453508 -4.407444
5000.000000 8.485979 -4.298247
4989.999771 8.570723 -4.181755
4979.999542 8.642903 -4.317248
4970.001221 8.578330 -4.369776
4960.000992 8.452221 -4.338236
4950.000763 8.582418 -4.414782
4940.000534 8.709256 -4.258558
4930.000305 8.720577 -4.275326
4920.000076 8.551192 -4.447513
4909.999847 8.575159 -4.258992
4899.999619 8.441903 -4.198023
4890.001297 8.603872 -4.401916
4880.001068 8.581067 -4.312399
4870.000839 8.578393 -4.301890
4860.000610 8.517679 -4.281491
4850.000381 8.496826 -4.144415
4840.000153 8.560480 -4.445487
4829.999924 8.499421 -4.331790
4819.999695 8.465397 -4.376736
4809.999466 8.522993 -4.375545
4800.001144 8.553671 -4.486826
4790.000916 8.518572 -4.471454
4780.000687 8.622905 -4.367472
4770.000458 8.569293 -4.385171
4760.000229 8.563406 -4.379602
4750.000000 8.460031 -4.318788
4739.999771 8.385070 -4.371927
4729.999542 8.525962 -4.405436
4720.001221 8.400642 -4.313630
4710.000992 8.565606 -4.229635
4700.000763 8.650992 -4.189766
4690.000534 8.616098 -4.338006
4680.000305 8.606249 -4.276415
4670.000076 8.365377 -4.318420
4659.999847 8.374732 -4.276544
4649.999619 8.453711 -4.249815
4640.001297 8.630978 -4.366513
4630.001068 8.548891 -4.217458
4620.000839 8.456769 -4.173575
4610.000610 8.452099 -4.430140
4600.000381 8.532161 -4.251089
4590.000153 8.480125 -4.342065
4579.999924 8.406445 -4.205480
4569.999695 8.442717 -4.339006
4559.999466 8.445498 -4.269500
4550.001144 8.525695 -4.270664
4540.000916 8.391016 -4.264114
4530.000687 8.493624 -4.210446
4520.000458 8.349975 -4.218956
4510.000229 8.404347 -4.254259
4500.000000 8.349751 -4.374337
4489.999771 8.339285 -4.417887
4479.999542 8.240071 -4.104684
4470.001221 8.223236 -4.231774
4460.000992 8.251412 -4.371496
4450.000763 8.302849 -4.160515
4440.000534 8.388047 -4.329941
4430.000305 8.411318 -4.422303
4420.000076 8.246108 -4.216116
4409.999847 8.188170 -4.436817
4399.999619 8.211185 -4.347155
4390.001297 8.222531 -4.370706
4380.001068 8.281357 -4.297962
4370.000839 8.239048 -4.342641
4360.000610 8.245426 -4.299879
4350.000381 8.242890 -4.349495
4340.000153 8.400055 -4.319969
4329.999924 8.275662 -4.370637
4319.999695 8.261998 -4.335129
4309.999466 8.346222 -4.217197
4300.001144 8.200382 -4.376121
4290.000916 8.300701 -4.403923
4280.000687 8.346523 -4.350589
4270.000458 8.363446 -4.378316
4260.000229 8.356667 -4.256466
4250.000000 8.354393 -4.290680
4239.999771 8.406392 -4.154337
4229.999542 8.173323 -4.499095
4220.001221 8.260703 -4.349766
4210.000992 8.341877 -4.388409
4200.000763 8.171935 -4.263336
4190.000534 8.233120 -4.253695
4180.000305 8.296029 -4.266865
4170.000076 8.326839 -4.279414
4159.999847 8.372323 -4.267102
4149.999619 8.376272 -4.338147
4140.001297 8.342524 -4.342311
4130.001068 8.223473 -4.336589
4120.000839 8.230139 -4.322372
4110.000610 8.238625 -4.540933
4100.000381 8.255436 -4.437659
4090.000153 8.200615 -4.366651
4079.999924 8.367117 -4.366940
4069.999695 8.304900 -4.431817
4059.999466 8.234858 -4.471320
4050.001144 8.119056 -4.180798
4040.000916 8.283937 -4.409850
4030.000687 8.295027 -4.233685
4020.000458 8.278412 -4.367312
4010.000229 8.097780 -4.317639
4000.000000 8.097966 -4.262986
3989.999771 8.206757 -4.267699
3979.999542 8.231205 -4.420634
3970.001221 8.219187 -4.207567
3960.000992 8.249619 -4.256769
3950.000763 8.241460 -4.238365
3940.000534 8.191045 -4.330879
3930.000305 8.162416 -4.272477
3920.000076 8.285663 -4.357702
3909.999847 8.173075 -4.366832
3899.999619 8.349246 -4.370385
3890.001297 8.173154 -4.397331
3880.001068 8.294542 -4.284306
3870.000839 8.255432 -4.554799
3860.000610 8.210036 -4.332853
3850.000381 8.143065 -4.442499
3840.000153 8.088423 -4.606836
3829.999924 8.277757 -4.389077
3819.999695 8.179081 -4.330353
3809.999466 8.114925 -4.474604
3800.001144 8.085028 -4.357905
3790.000916 8.425997 -4.412927
3780.000687 8.246159 -4.322622
3770.000458 8.165505 -4.372577
3760.000229 8.218895 -4.178861
3750.000000 8.109524 -4.259795
3739.999771 8.071612 -4.314324
3729.999542 8.133182 -4.289038
3720.001221 8.232639 -4.279619
3710.000992 8.205566 -4.176593
3700.000763 8.293638 -4.278293
3690.000534 8.075744 -4.273205
3680.000305 8.162052 -4.372428
3670.000076 8.333223 -4.332827
3659.999847 8.377904 -4.378829
3649.999619 8.369103 -4.383668
3640.001297 8.362547 -4.349786
3630.001068 8.270704 -4.359450
3620.000839 8.267230 -4.255015
3610.000610 8.219002 -4.357522
3600.000381 8.055016 -4.256317
3590.000153 8.218397 -4.404897
3579.999924 8.182937 -4.499418
3569.999695 8.096545 -4.413621
3559.999466 8.081190 -4.279955
3550.001144 8.255301 -4.518013
3540.000916 8.227583 -4.478522
3530.000687 8.035222 -4.225984
3520.000458 8.249463 -4.413064
3510.000229 8.239615 -4.336735
3500.000000 8.224412 -4.407255
3489.999771 8.179199 -4.496117
3479.999542 8.190183 -4.395767
3470.001221 8.325903 -4.430511
3460.000992 8.157403 -4.361366
3450.000763 8.039661 -4.387626
3440.000534 8.022472 -4.567820
3430.000305 8.245844 -4.543224
3420.000076 8.072059 -4.453818
3409.999847 8.257456 -4.578518
3399.999619 8.018667 -4.506886
3390.001297 8.013713 -4.322472
3380.001068 8.136383 -4.369282
3370.000839 8.284834 -4.415153
3360.000610 8.145105 -4.460952
3350.000381 8.216707 -4.429842
3340.000153 8.152074 -4.414335
3329.999924 8.049349 -4.438771
3319.999695 8.151124 -4.476855
3309.999466 8.242055 -4.253577
3300.001144 8.274015 -4.182319
3290.000916 8.179452 -4.234777
3280.000687 8.172317 -4.341171
3270.000458 8.000463 -4.410305
3260.000229 8.098334 -4.499664
3250.000000 8.147048 -4.376393
3239.999771 8.088693 -4.318787
3229.999542 8.111212 -4.423816
3220.001221 8.168545 -4.407974
3210.000992 8.081339 -4.353047
3200.000763 8.127129 -4.314766
3190.000534 8.147232 -4.243494
3180.000305 8.131874 -4.275961
3170.000076 7.956231 -4.212488
3159.999847 8.047061 -4.290490
3149.999619 8.136886 -4.398505
3140.001297 8.061075 -4.251364
3130.001068 8.341498 -4.190094
3120.000839 8.446508 -4.457932
3110.000610 8.266366 -4.394175
3100.000381 8.243892 -4.459460
3090.000153 8.211758 -4.492859
3079.999924 8.194010 -4.543772
3069.999695 8.177895 -4.365178
3060.001373 8.253923 -4.125768
3050.001144 8.262535 -4.284241
3040.000916 8.161124 -4.364880
3030.000687 8.305376 -4.263359
3020.000458 8.236536 -4.219505
3010.000229 8.078082 -4.354223
3000.000000 8.144334 -4.288014
2989.999771 8.244588 -4.562259
2979.999542 8.245714 -4.514010
2970.001221 8.273423 -4.510113
2960.000992 8.213358 -4.498359
2950.000763 8.219225 -4.358177
2940.000534 8.152530 -4.317076
2930.000305 8.220846 -4.395405
2920.000076 8.109774 -4.422465
2909.999847 8.404716 -4.410571
2899.999619 8.135943 -4.382766
2890.001297 8.189946 -4.387779
2880.001068 8.113006 -4.421808
2870.000839 8.107683 -4.470457
2860.000610 8.200435 -4.350381
2850.000381 8.165949 -4.425051
2840.000153 8.131999 -4.347928
2829.999924 8.281395 -4.419385
2819.999695 8.244405 -4.285852
2810.001373 8.125661 -4.478011
2800.001144 8.213954 -4.332691
2790.000916 8.160990 -4.400308
2780.000687 8.332515 -4.449639
2770.000458 8.223379 -4.292906
2760.000229 8.059588 -4.311217
2750.000000 8.191767 -4.465202
2739.999771 8.183075 -4.445930
2729.999542 8.163556 -4.479062
2720.001221 8.040567 -4.441423
2710.000992 8.203303 -4.493113
2700.000763 8.119922 -4.418839
2690.000534 8.221906 -4.423851
2680.000305 8.065590 -4.370850
2670.000076 8.176210 -4.410465
2659.999847 8.208617 -4.354867
2649.999619 8.395849 -4.392911
2640.001297 8.288176 -4.549100
2630.001068 8.122057 -4.471571
2620.000839 8.114252 -4.558485
2610.000610 8.038555 -4.533687
2600.000381 8.159177 -4.457913
2590.000153 7.981887 -4.400727
2579.999924 8.044675 -4.311300
2569.999695 8.222850 -4.380638
2560.001373 8.144762 -4.505709
2550.001144 8.179451 -4.439406
2540.000916 8.173169 -4.240472
2530.000687 8.129303 -4.381183
2520.000458 8.050513 -4.322272
2510.000229 8.075378 -4.383486
2500.000000 8.081360 -4.604748
2489.999771 8.019883 -4.467977
2479.999542 7.960035 -4.559658
2470.001221 8.033153 -4.411077
2460.000992 7.950204 -4.414326
2450.000763 7.906753 -4.399329
2440.000534 7.959391 -4.387774
2430.000305 8.017336 -4.535117
2420.000076 8.049776 -4.364465
2409.999847 8.116311 -4.266188
2399.999619 8.160721 -4.486018
2390.001297 7.951307 -4.440290
2380.001068 8.012243 -4.332512
2370.000839 7.871074 -4.544744
2360.000610 8.036656 -4.531953
2350.000381 7.856239 -4.489402
2340.000153 7.884471 -4.529581
2329.999924 8.030135 -4.377925
2319.999695 8.136445 -4.470847
2310.001373 8.077769 -4.410241
2300.001144 8.113581 -4.401400
2290.000916 7.961999 -4.539088
2280.000687 7.966057 -4.484538
2270.000458 8.045082 -4.540940
2260.000229 8.031188 -4.519854
2250.000000 8.070148 -4.336129
2239.999771 8.186026 -4.538427
2229.999542 8.030252 -4.596566
2220.001221 8.135856 -4.537769
2210.000992 8.111969 -4.465196
2200.000763 7.976160 -4.434166
2190.000534 8.025297 -4.369580
2180.000305 7.962948 -4.439924
2170.000076 8.004071 -4.431809
2159.999847 8.112562 -4.527277
2149.999619 8.118235 -4.582831
2140.001297 8.168056 -4.411877
2130.001068 7.960422 -4.609164
2120.000839 8.039958 -4.565936
2110.000610 8.193008 -4.571314
2100.000381 8.023977 -4.565566
2090.000153 8.251304 -4.488317
2079.999924 8.242814 -4.508623
2069.999695 8.173754 -4.397431
2060.001373 8.171237 -4.509500
2050.001144 8.288923 -4.462035
2040.000916 8.148489 -4.609583
2030.000687 8.147316 -4.460233
2020.000458 8.350942 -4.514001
2010.000229 8.131274 -4.293411
2000.000000 8.049667 -4.199811
1989.999771 8.068363 -4.427977
1979.999542 8.275621 -4.434627
1970.001221 8.148830 -4.533273
1960.000992 8.018308 -4.285967
1950.000763 8.111864 -4.519323
1940.000534 8.023674 -4.508479
1930.000305 8.123284 -4.412964
1920.000076 8.116562 -4.564134
1909.999847 8.319284 -4.425024
1899.999619 8.025777 -4.265919
1890.001297 8.127553 -4.264377
1880.001068 8.070357 -4.415503
1870.000839 8.117830 -4.566367
1860.000610 8.148239 -4.358206
1850.000381 8.098869 -4.425436
1840.000153 8.169466 -4.380224
1829.999924 8.261715 -4.272797
1819.999695 8.218047 -4.402154
1810.001373 8.065036 -4.482421
1800.001144 8.107751 -4.445445
1790.000916 8.279426 -4.357241
1780.000687 8.106544 -4.309379
1770.000458 8.184660 -4.248700
1760.000229 8.227773 -4.447480
1750.000000 8.127675 -4.234685
1739.999771 8.167416 -4.372763
1729.999542 8.174751 -4.327480
1720.001221 8.195975 -4.393361
1710.000992 8.227068 -4.526118
1700.000763 8.068452 -4.431297
1690.000534 8.182811 -4.425046
1680.000305 8.193940 -4.467220
1670.000076 8.192363 -4.370701
1659.999847 8.116739 -4.521442
1649.999619 8.282919 -4.423548
1640.001297 8.107046 -4.396464
1630.001068 8.312373 -4.304746
1620.000839 8.247305 -4.450790
1610.000610 8.190772 -4.508043
1600.000381 8.152486 -4.398859
1590.000153 8.209361 -4.347747
1579.999924 8.048322 -4.346862
1569.999695 8.045124 -4.269402
1560.001373 8.160193 -4.271042
1550.001144 8.121093 -4.482400
1540.000916 8.149609 -4.432572
1530.000687 8.207833 -4.407495
1520.000458 8.168509 -4.400945
1510.000229 8.126922 -4.362404
1500.000000 8.210024 -4.412393
1489.999771 8.190974 -4.463325
1479.999542 8.150450 -4.427808
1470.001221 8.160022 -4.515379
1460.000992 8.181936 -4.464765
1450.000763 8.024970 -4.479056
1440.000534 8.074117 -4.359611
1430.000305 8.249990 -4.370884
1420.000076 8.153611 -4.237140
1409.999847 8.181308 -4.272230
1399.999619 8.146169 -4.366358
1390.001297 8.298634 -4.332409
1380.001068 8.087398 -4.561289
1370.000839 8.161067 -4.543220
1360.000610 8.337073 -4.404958
1350.000381 8.236150 -4.399267
1340.000153 8.177908 -4.555494
1329.999924 8.088075 -4.174967
1319.999695 8.046294 -4.436427
1310.001373 8.133246 -4.431932
1300.001144 8.090267 -4.467911
1290.000916 8.135356 -4.354696
1280.000687 8.060506 -4.315644
1270.000458 7.944749 -4.360533
1260.000229 8.103352 -4.504612
1250.000000 7.979519 -4.477232
1239.999771 8.052594 -4.435586
1229.999542 7.959156 -4.345641
1220.001221 7.921791 -4.423743
1210.000992 8.041242 -4.424297
1200.000763 7.923249 -4.529964
1190.000534 7.962086 -4.537411
1180.000305 8.105125 -4.544653
1170.000076 8.015827 -4.443027
1159.999847 8.073093 -4.439633
1149.999619 8.119397 -4.308981
1140.001297 8.116568 -4.440660
1130.001068 8.087397 -4.441765
1120.000839 8.203263 -4.513582
1110.000610 8.026340 -4.372037
1100.000381 8.053887 -4.395253
1090.000153 8.168543 -4.284395
1079.999924 8.132220 -4.258232
1069.999695 8.045863 -4.330101
1060.001373 8.119328 -4.397717
1050.001144 8.018205 -4.426897
1040.000916 7.928040 -4.491390
1030.000687 8.085419 -4.475443
1020.000458 8.099589 -4.425019
1010.000229 8.134207 -4.359574
1000.000000 8.215930 -4.323848
989.999771 8.079331 -4.479130
979.999542 8.132890 -4.477049
970.001221 8.259967 -4.403860
960.000992 8.085804 -4.664144
950.000763 8.026322 -4.524822
940.000534 8.073619 -4.320237
930.000305 8.117361 -4.546405
920.000076 8.112398 -4.534420
909.999847 8.221882 -4.456257
899.999619 8.191106 -4.331873
890.001297 7.974688 -4.559706
880.001068 8.073611 -4.437222
870.000839 8.152240 -4.351388
860.000610 8.070980 -4.504027
850.000381 8.235452 -4.467494
840.000153 8.065347 -4.418398
829.999924 8.018109 -4.438409
819.999695 8.128888 -4.473383
810.001373 7.975734 -4.419375
800.001144 8.049915 -4.557758
790.000916 7.917645 -4.446487
780.000687 8.168182 -4.418503
770.000458 8.153168 -4.438239
760.000229 8.128111 -4.519330
750.000000 8.138967 -4.574585
739.999771 8.016667 -4.540567
729.999542 8.266049 -4.567275
720.001221 8.226528 -4.504495
710.000992 7.981156 -4.448310
700.000763 8.062442 -4.509209
690.000534 8.090854 -4.540910
680.000305 8.122648 -4.363733
670.000076 8.222105 -4.711145
659.999847 8.090873 -4.578852
649.999619 7.970548 -4.454884
640.001297 7.983706 -4.555649
630.001068 7.921305 -4.540700
620.000839 7.968681 -4.474900
610.000610 7.987498 -4.633829
600.000381 8.235298 -4.590050
590.000153 7.961788 -4.598094
579.999924 7.988316 -4.457756
569.999695 8.229973 -4.417304
560.001373 8.068529 -4.529031
550.001144 8.000137 -4.530831
540.000916 7.962025 -4.580670
530.000687 8.129346 -4.451328
520.000458 8.106375 -4.579070
510.000229 8.257596 -4.493971
500.000000 8.104483 -4.516954
489.999771 8.117358 -4.663899
479.999542 7.979786 -4.562511
470.001221 8.075457 -4.445337
460.000992 8.039185 -4.569349
450.000763 7.990860 -4.690389
440.000534 7.967922 -4.446709
430.000305 8.001625 -4.699703
420.000076 7.959627 -4.606595
409.999847 8.039269 -4.543966
399.999619 8.023804 -4.484861
390.001297 8.080562 -4.534740
380.001068 8.213623 -4.751957
370.000839 8.051065 -4.648047
360.000610 8.162692 -4.526378
350.000381 8.050600 -4.485418
340.000153 8.091346 -4.606471
329.999924 8.048008 -4.587533
319.999695 8.161843 -4.648166
310.001373 8.109284 -4.481054
300.001144 8.075425 -4.660660
290.000916 8.024962 -4.499248
280.000687 8.063398 -4.500496
270.000458 7.896016 -4.574625
260.000229 7.857576 -4.406381
250.000000 8.013719 -4.433153
239.999771 8.022547 -4.636533
229.999542 8.200249 -4.493760
220.001221 8.017697 -4.476245
210.000992 8.021285 -4.643637
200.000763 7.817095 -4.477522
190.000534 7.925881 -4.593898
180.000305 7.898558 -4.556578
170.000076 8.041779 -4.448906
159.999847 8.007768 -4.541484
149.999619 7.925351 -4.518642
140.001297 7.995490 -4.569117
130.001068 7.965339 -4.703683
120.000839 7.869918 -4.601195
110.000610 7.928784 -4.608214
100.000381 7.953306 -4.564782
90.000153 7.817920 -4.629627
79.999924 7.944037 -4.617516
69.999695 8.017546 -4.569028
60.001373 8.058526 -4.434199
50.001144 8.159439 -4.605688
40.000916 7.909357 -4.544586
30.000687 7.977691 -4.656891
20.000458 7.967144 -4.583767
10.000229 7.949302 -4.651643
-0.000000 7.926594 -4.647321
-10.000229 7.970299 -4.485208
-20.000458 7.984054 -4.629503
-29.998779 8.033475 -4.555056
