# age N_data S_data
19000.000000 7.586873 -4.945830
18989.999771 7.254126 -4.921922
18979.999542 7.173051 -4.966050
18969.999313 7.370042 -5.041085
18959.999084 7.500810 -5.185690
18950.000763 7.437059 -5.039439
18940.000534 7.353659 -4.932125
18930.000305 7.347761 -4.894347
18920.000076 7.575399 -5.037041
18909.999847 7.508079 -4.932592
18899.999619 7.444709 -4.869234
18889.999390 7.293818 -5.044111
18880.001068 7.330868 -4.900138
18870.000839 7.178806 -4.950489
18860.000610 7.356705 -4.985016
18850.000381 7.410181 -4.986058
18840.000153 7.285027 -4.857999
18829.999924 7.297094 -4.916468
18819.999695 7.157036 -5.114355
18809.999466 7.361721 -4.939706
18799.999237 7.264624 -4.926325
18790.000916 7.319110 -5.110477
18780.000687 7.255998 -4.915712
18770.000458 7.296972 -4.718269
18760.000229 7.479423 -4.897426
18750.000000 7.192680 -4.997704
18739.999771 7.384637 -4.918927
18729.999542 7.249204 -4.941987
18719.999313 7.432557 -4.941800
18709.999084 7.208233 -4.792981
18700.000763 7.367777 -4.833820
18690.000534 7.377489 -4.955514
18680.000305 7.435788 -4.985000
18670.000076 7.105851 -5.024362
18659.999847 7.105512 -4.904219
18649.999619 7.235847 -4.892992
18639.999390 7.513246 -4.856262
18630.001068 7.237372 -4.881782
18620.000839 7.440779 -5.173713
18610.000610 7.285772 -5.133595
18600.000381 7.229224 -4.949004
18590.000153 7.051051 -5.017903
18579.999924 7.167011 -5.116179
18569.999695 7.228317 -4.933641
18559.999466 7.347589 -4.926788
18549.999237 7.237775 -4.853574
18540.000916 7.331030 -4.865082
18530.000687 7.293945 -4.828445
18520.000458 7.381223 -4.820990
18510.000229 7.496334 -4.889198
18500.000000 7.375089 -5.026112
18489.999771 7.484198 -4.846942
18479.999542 7.409079 -4.965287
18469.999313 7.436142 -4.887608
18459.999084 7.320383 -5.084409
18450.000763 7.353256 -5.001192
18440.000534 7.366068 -5.018042
18430.000305 7.283158 -4.929186
18420.000076 7.414331 -4.944929
18409.999847 7.342664 -4.975824
18399.999619 7.336666 -4.803967
18389.999390 7.313692 -4.855422
18380.001068 7.453077 -4.801136
18370.000839 7.324895 -4.967777
18360.000610 7.309278 -4.984202
18350.000381 7.356035 -4.900947
18340.000153 7.355538 -4.825163
18329.999924 7.445260 -4.873063
18319.999695 7.178429 -4.856459
18309.999466 7.366016 -4.996516
18299.999237 7.495337 -4.777367
18290.000916 7.455115 -5.012599
18280.000687 7.569720 -4.983331
18270.000458 7.371592 -4.996213
18260.000229 7.408137 -4.983439
18250.000000 7.263597 -4.885919
18239.999771 7.642839 -4.806703
18229.999542 7.527573 -4.900013
18219.999313 7.487013 -4.935867
18209.999084 7.371726 -4.983222
18200.000763 7.345925 -4.972814
18190.000534 7.222713 -4.894113
18180.000305 7.350915 -4.871957
18170.000076 7.261228 -4.947179
18159.999847 7.376274 -4.953680
18149.999619 7.299903 -4.925889
18139.999390 7.417213 -4.945882
18130.001068 7.366455 -5.009306
18120.000839 7.409750 -5.035867
18110.000610 7.422764 -4.893425
18100.000381 7.504058 -4.842901
18090.000153 7.525460 -5.007158
18079.999924 7.467214 -4.882950
18069.999695 7.380415 -4.903671
18059.999466 7.467749 -5.060750
18049.999237 7.647494 -5.032400
18040.000916 7.507690 -4.949196
18030.000687 7.368357 -4.894037
18020.000458 7.508922 -4.905999
18010.000229 7.505937 -4.985895
18000.000000 7.515478 -4.927646
17989.999771 7.436702 -4.877785
17979.999542 7.434731 -5.035936
17970.001221 7.336609 -4.997972
17959.999084 7.162175 -4.890478
17950.000763 7.404485 -4.871686
17940.000534 7.442244 -4.798975
17930.000305 7.419406 -4.934046
17920.000076 7.310874 -5.080582
17909.999847 7.262936 -4.755595
17899.999619 7.434192 -4.819001
17889.999390 7.462142 -4.939091
17880.001068 7.426484 -4.845886
17869.998932 7.197645 -4.979575
17860.000610 7.335662 -4.892198
17850.000381 7.202008 -4.762746
17840.000153 7.145556 -5.032877
17829.999924 7.446017 -5.023575
17819.999695 7.341583 -4.931277
17809.999466 7.339631 -4.981956
17799.999237 7.450359 -4.950879
17790.000916 7.236205 -4.915835
17780.000687 7.076044 -5.015014
17770.000458 7.276664 -5.031951
17760.000229 7.419694 -5.057766
17750.000000 7.325583 -4.942145
17739.999771 7.305063 -4.965957
17729.999542 7.365786 -4.922775
17720.001221 7.467526 -4.864174
17709.999084 7.147523 -4.894471
17700.000763 7.321660 -4.943445
17690.000534 7.409691 -4.840963
17680.000305 7.549659 -4.932558
17670.000076 7.392030 -4.761702
17659.999847 7.254893 -4.999535
17649.999619 7.204359 -5.088578
17639.999390 7.290329 -4.963573
17630.001068 7.370768 -4.957969
17619.998932 7.368404 -4.810110
17610.000610 7.494350 -4.864158
17600.000381 7.489097 -4.937565
17590.000153 7.511904 -5.073216
17579.999924 7.380470 -5.009382
17569.999695 7.504538 -4.946698
17559.999466 7.174225 -4.881418
17549.999237 7.473012 -4.814388
17540.000916 7.529336 -4.896528
17530.000687 7.290192 -4.907492
17520.000458 7.404600 -4.893522
17510.000229 7.515320 -4.869592
17500.000000 7.350230 -4.980841
17489.999771 7.441750 -5.027556
17479.999542 7.370178 -4.900257
17470.001221 7.420805 -4.961394
17459.999084 7.274679 -4.931966
17450.000763 7.387623 -4.706784
17440.000534 7.371929 -5.106952
17430.000305 7.257123 -5.070355
17420.000076 7.377152 -4.991683
17409.999847 7.279537 -4.774356
17399.999619 7.439730 -4.889875
17389.999390 7.452183 -4.895306
17380.001068 7.207410 -4.914052
17369.998932 7.409775 -4.854947
17360.000610 7.257528 -5.102913
17350.000381 7.457158 -4.915698
17340.000153 7.399025 -4.935411
17329.999924 7.566117 -4.955320
17319.999695 7.463173 -4.890133
17309.999466 7.357262 -5.024755
17299.999237 7.422446 -5.002937
17290.000916 7.316865 -5.050953
17280.000687 7.422559 -4.980764
17270.000458 7.259467 -4.851603
17260.000229 7.396198 -4.944775
17250.000000 7.316229 -4.904342
17239.999771 7.186066 -5.074128
17229.999542 7.225147 -4.950480
17220.001221 7.058267 -5.034127
17209.999084 7.242219 -4.979864
17200.000763 7.482123 -4.910431
17190.000534 7.369448 -5.005717
17180.000305 7.414953 -4.955117
17170.000076 7.440418 -4.878161
17159.999847 7.502603 -4.924846
17149.999619 7.049283 -5.066532
17139.999390 7.310422 -4.986504
17130.001068 7.236562 -4.985186
17119.998932 7.271123 -4.935289
17110.000610 7.263767 -4.893167
17100.000381 7.240139 -4.939838
17090.000153 7.116937 -4.898903
17079.999924 7.408854 -5.010915
17069.999695 7.284681 -4.935251
17059.999466 6.913944 -5.013753
17049.999237 7.258019 -4.934546
17040.000916 7.073166 -4.948352
17030.000687 7.403707 -4.920492
17020.000458 7.391029 -4.950641
17010.000229 7.076814 -4.931584
17000.000000 7.306796 -4.909214
16989.999771 7.104149 -5.014918
16979.999542 7.225500 -4.918093
16970.001221 7.183697 -4.972339
16959.999084 7.208542 -4.940079
16950.000763 7.130117 -5.032593
16940.000534 7.253032 -5.021623
16930.000305 7.284699 -5.001948
16920.000076 7.353807 -4.902080
16909.999847 7.114764 -4.892697
16899.999619 7.057102 -4.939929
16889.999390 7.197931 -4.947620
16880.001068 6.919975 -4.937856
16869.998932 7.229150 -5.027041
16860.000610 7.495687 -4.874966
16850.000381 7.465882 -4.948485
16840.000153 7.391026 -4.848513
16829.999924 7.327681 -4.913122
16819.999695 7.247224 -4.991328
16809.999466 7.302097 -4.879058
16799.999237 7.532718 -4.997126
16790.000916 7.449533 -4.865625
16780.000687 7.369368 -5.051685
16770.000458 7.281797 -4.958525
16760.000229 7.347273 -4.931303
16750.000000 7.178305 -4.787509
16739.999771 7.169472 -5.092092
16729.999542 7.423347 -5.119041
16720.001221 7.333584 -4.884203
16709.999084 7.505982 -4.845062
16700.000763 7.443995 -4.998393
16690.000534 7.297551 -4.846881
16680.000305 7.245019 -4.794389
16670.000076 7.021470 -4.883291
16659.999847 7.222092 -4.840837
16649.999619 7.256887 -4.934551
16639.999390 7.349910 -4.991777
16630.001068 7.283863 -5.049229
16619.998932 7.324468 -4.955805
16610.000610 7.348787 -4.912251
16600.000381 7.272238 -4.808318
16590.000153 7.360564 -5.032996
16579.999924 7.229697 -5.047436
16569.999695 7.265327 -4.963110
16559.999466 7.348956 -4.822825
16549.999237 7.201450 -4.836181
16540.000916 7.211586 -4.963804
16530.000687 7.453129 -4.951091
16520.000458 7.318764 -4.829661
16510.000229 7.391735 -4.964682
16500.000000 7.373500 -4.930574
16489.999771 7.316527 -4.886339
16479.999542 7.381987 -4.850515
16470.001221 7.305777 -4.857346
16459.999084 7.110303 -4.991435
16450.000763 7.304545 -4.947713
16440.000534 7.378174 -4.812844
16430.000305 7.330579 -5.054008
16420.000076 7.422832 -4.962674
16409.999847 7.386542 -4.744211
16399.999619 7.375411 -4.960663
16389.999390 7.216790 -4.952225
16380.001068 7.399064 -4.941083
16370.000839 7.347930 -4.833828
16360.000610 7.300612 -4.880256
16350.000381 7.399895 -4.870213
16340.000153 7.414342 -4.945635
16329.999924 7.383777 -4.912020
16319.999695 7.468991 -4.879795
16309.999466 7.368494 -4.860073
16299.999237 7.331487 -4.943501
16290.000916 7.442846 -4.933425
16280.000687 7.353707 -5.079361
16270.000458 7.054042 -4.955864
16260.000229 7.281300 -4.936314
16250.000000 7.319620 -4.987185
16239.999771 7.383747 -4.865306
16229.999542 7.431876 -5.020662
16220.001221 7.455511 -5.004044
16209.999084 7.358323 -4.982801
16200.000763 7.230563 -5.020010
16190.000534 7.219666 -5.044091
16180.000305 7.240181 -5.028157
16170.000076 7.266220 -4.874365
16159.999847 7.541666 -4.981551
16149.999619 7.192856 -4.842385
16139.999390 7.105622 -4.890915
16130.001068 7.205840 -5.102398
16120.000839 7.193676 -5.010767
16110.000610 7.415392 -4.996627
16100.000381 7.130527 -4.953129
16090.000153 7.363406 -4.918565
16079.999924 7.197496 -4.897071
16069.999695 7.268437 -4.859130
16059.999466 7.386047 -5.037238
16049.999237 7.220782 -5.033530
16040.000916 7.190532 -4.966758
16030.000687 7.469017 -4.931595
16020.000458 7.492267 -4.907825
16010.000229 7.387292 -4.971065
16000.000000 7.295375 -4.885839
15989.999771 7.132604 -4.854185
15979.999542 7.307633 -4.930292
15970.000267 7.392802 -4.948266
15960.000038 7.252908 -5.035620
15950.000763 7.237883 -4.986301
15940.000534 7.116715 -5.019389
15930.000305 7.182615 -5.112695
15920.000076 7.234375 -5.004594
15909.999847 7.248449 -4.881914
15899.999619 7.304470 -4.774221
15890.000343 7.292638 -4.946079
15880.000114 7.136815 -5.009070
15870.000839 7.203151 -4.868878
15860.000610 7.179515 -4.923276
15850.000381 7.159512 -5.152626
15840.000153 7.173152 -4.953848
15829.999924 7.166481 -4.874935
15819.999695 7.437414 -4.906979
15809.999466 7.256234 -4.965885
15800.000191 7.244013 -4.970830
15789.999962 7.140707 -5.054360
15780.000687 7.035752 -5.073086
15770.000458 7.273403 -4.872194
15760.000229 7.240401 -4.908863
15750.000000 7.374920 -4.836473
15739.999771 7.261073 -4.980897
15729.999542 7.146973 -4.928350
15720.000267 7.142466 -4.811620
15710.000038 7.160889 -5.090852
15700.000763 7.178467 -4.810566
15690.000534 7.154151 -4.927264
15680.000305 7.124151 -4.803291
15670.000076 7.071708 -4.716693
15659.999847 7.047339 -4.856727
15649.999619 7.184500 -4.820798
15640.000343 7.028516 -4.922935
15630.000114 7.252981 -5.049597
15620.000839 7.206551 -4.904189
15610.000610 7.254403 -4.790559
15600.000381 7.263758 -4.800286
15590.000153 7.307466 -5.000679
15579.999924 7.278889 -4.860419
15569.999695 7.344354 -4.999998
15559.999466 7.062293 -4.955096
15550.000191 7.298622 -4.974263
15539.999962 7.016960 -5.089440
15530.000687 7.015029 -4.894846
15520.000458 7.228285 -4.825397
15510.000229 7.058319 -4.935202
15500.000000 7.147109 -4.876303
15489.999771 6.916160 -4.955974
15479.999542 6.670719 -4.876334
15470.000267 6.852576 -4.945711
15460.000038 6.863289 -4.820407
15450.000763 6.765347 -4.835569
15440.000534 6.895048 -4.952717
15430.000305 6.831410 -5.186694
15420.000076 6.718497 -4.964101
15409.999847 6.986760 -4.792688
15399.999619 6.670352 -5.063043
15390.000343 6.814482 -4.899208
15380.000114 6.706070 -4.942900
15370.000839 6.697114 -4.994015
15360.000610 6.926360 -4.962382
15350.000381 6.891671 -4.823476
15340.000153 6.869145 -4.978072
15329.999924 6.927458 -4.995641
15319.999695 6.804315 -4.698700
15309.999466 6.543394 -5.006069
15300.000191 6.797377 -4.885823
15289.999962 6.873859 -5.066381
15280.000687 6.586409 -4.800587
15270.000458 6.656642 -4.969335
15260.000229 6.729443 -4.786693
15250.000000 6.902358 -4.945888
15239.999771 6.780004 -4.904535
15229.999542 6.832734 -5.017861
15220.000267 6.700995 -4.989554
15210.000038 6.747442 -4.827324
15200.000763 6.823890 -4.857110
15190.000534 6.790170 -5.026526
15180.000305 6.735705 -4.900558
15170.000076 6.879209 -4.852133
15159.999847 6.829327 -5.018922
15149.999619 6.701574 -4.965123
15140.000343 6.591792 -4.999138
15130.000114 6.633940 -5.014145
15120.000839 6.900947 -4.940317
15110.000610 6.848794 -5.058132
15100.000381 6.780674 -4.814992
15090.000153 6.708949 -4.864658
15079.999924 6.873611 -4.873602
15069.999695 6.853660 -4.966582
15059.999466 6.833918 -4.985117
15050.000191 6.783016 -4.870680
15039.999962 6.735759 -5.030181
15030.000687 6.903158 -4.953534
15020.000458 6.827835 -4.969728
15010.000229 6.827584 -4.875026
15000.000000 6.641961 -4.962402
14989.999771 6.578858 -4.992210
14979.999542 6.682374 -5.094282
14970.000267 6.618603 -4.932482
14960.000038 6.466683 -4.874605
14950.000763 6.738454 -4.965194
14940.000534 6.650894 -4.875744
14930.000305 6.375512 -4.968994
14920.000076 6.496543 -4.748178
14909.999847 6.586068 -4.918947
14899.999619 6.490390 -4.810615
14890.000343 6.248345 -4.937529
14880.000114 6.466231 -4.927917
14870.000839 6.371716 -5.128991
14860.000610 6.277554 -5.123619
14850.000381 6.503627 -4.999800
14840.000153 6.538389 -4.802850
14829.999924 6.401164 -5.025189
14819.999695 6.441185 -5.097030
14809.999466 6.351730 -4.967537
14800.000191 6.465364 -4.787139
14789.999962 6.346085 -4.984149
14780.000687 6.438582 -5.057937
14770.000458 6.466613 -5.056577
14760.000229 6.398947 -5.143163
14750.000000 6.451937 -5.080143
14739.999771 6.439445 -4.988511
14729.999542 6.493490 -4.898777
14720.000267 6.378417 -5.025847
14710.000038 6.598733 -4.967882
14700.000763 6.581261 -4.984387
14690.000534 6.474189 -4.977039
14680.000305 6.485321 -5.027271
14670.000076 6.444234 -4.854031
14659.999847 6.695896 -5.008128
14649.999619 6.535115 -4.862857
14640.000343 6.642260 -5.031142
14630.000114 6.634001 -4.980172
14620.000839 6.631617 -4.911152
14610.000610 6.615615 -5.001889
14600.000381 6.595634 -4.948085
14590.000153 6.502478 -4.815071
14579.999924 6.648049 -4.904741
14569.999695 6.725597 -4.779642
14559.999466 6.523154 -4.854378
14550.000191 6.442694 -5.045442
14539.999962 6.562084 -4.829390
14530.000687 6.431806 -4.951541
14520.000458 6.709449 -4.981816
14510.000229 6.672502 -4.960634
14500.000000 6.328937 -5.019731
14489.999771 6.134290 -4.927780
14479.999542 6.233148 -5.052859
14470.000267 6.372223 -5.006878
14460.000038 6.311804 -5.008239
14450.000763 6.336218 -4.946749
14440.000534 6.099814 -4.929229
14430.000305 6.319619 -4.966391
14420.000076 6.393152 -4.915293
14409.999847 6.409746 -4.923386
14399.999619 6.367168 -4.955864
14390.000343 6.207863 -4.902305
14380.000114 6.165724 -5.018081
14370.000839 5.878024 -4.952083
14360.000610 6.327412 -4.970068
14350.000381 6.529073 -4.885331
14340.000153 6.223059 -4.868348
14329.999924 6.081892 -4.941808
14319.999695 6.215914 -5.000815
14309.999466 6.365461 -4.965247
14300.000191 6.370615 -4.895084
14289.999962 6.302425 -4.976171
14280.000687 6.161784 -4.725307
14270.000458 6.074759 -4.800364
14260.000229 6.136295 -4.797733
14250.000000 6.233907 -4.922557
14239.999771 6.312343 -4.961532
14229.999542 6.389152 -5.034917
14220.000267 6.411912 -5.039953
14210.000038 6.416518 -4.887844
14200.000763 6.037457 -4.964374
14190.000534 6.189747 -4.844761
14180.000305 6.224112 -4.901221
14170.000076 6.419646 -4.808445
14159.999847 6.268673 -4.955965
14149.999619 6.388953 -4.890748
14140.000343 6.223008 -4.930231
14130.000114 6.374188 -4.929953
14120.000839 6.224182 -5.078885
14110.000610 6.063191 -5.110128
14100.000381 6.286396 -4.911681
14090.000153 6.025068 -5.003602
14079.999924 6.088794 -4.788417
14069.999695 6.318516 -4.772314
14059.999466 6.397397 -4.980687
14050.000191 6.202207 -4.895396
14039.999962 6.367770 -4.793855
14030.000687 6.301281 -4.955292
14020.000458 6.337205 -4.988737
14010.000229 6.348576 -5.019627
14000.000000 5.662045 -5.002719
13989.999771 5.121431 -5.022322
13980.000496 4.968797 -5.049810
13970.000267 5.024006 -4.972609
13960.000038 5.318651 -4.935303
13949.999809 5.369346 -4.917653
13940.000534 5.161127 -4.906268
13930.000305 4.942889 -4.890962
13920.000076 4.898109 -5.031415
13909.999847 5.032693 -4.923986
13900.000572 5.282707 -4.791324
13890.000343 5.009357 -4.758393
13880.000114 5.224421 -4.839727
13869.999886 5.352765 -4.833644
13860.000610 5.482187 -4.832791
13850.000381 5.492509 -4.946711
13840.000153 5.396520 -4.814344
13829.999924 5.231076 -4.894020
13820.000648 5.006294 -4.676131
13810.000420 4.939197 -4.765441
13800.000191 5.091274 -4.725178
13789.999962 5.011931 -4.726585
13779.999733 5.142383 -4.721799
13770.000458 4.909786 -4.833006
13760.000229 5.113097 -4.814620
13750.000000 5.157276 -4.690898
13739.999771 5.205481 -4.637663
13730.000496 5.231957 -4.493544
13720.000267 5.072821 -4.685078
13710.000038 5.144936 -4.743243
13699.999809 5.095595 -4.690981
13690.000534 5.083563 -4.587246
13680.000305 5.168044 -4.626453
13670.000076 5.096526 -4.696109
13659.999847 5.093560 -4.611051
13650.000572 5.100418 -4.616460
13640.000343 5.251789 -4.523689
13630.000114 5.394547 -4.596378
13619.999886 5.215201 -4.496819
13610.000610 5.158359 -4.445053
13600.000381 5.028986 -4.300729
13590.000153 5.133597 -4.349112
13579.999924 5.073823 -4.586965
13570.000648 5.216394 -4.406634
13560.000420 5.263110 -4.425701
13550.000191 5.267453 -4.391707
13539.999962 5.314458 -4.473067
13529.999733 5.355534 -4.546270
13520.000458 5.427141 -4.396092
13510.000229 5.376316 -4.219846
13500.000000 4.993785 -4.566060
13489.999771 4.992456 -4.389568
13480.000496 5.186815 -4.486869
13470.000267 4.956992 -4.407599
13460.000038 5.088405 -4.447794
13449.999809 5.181743 -4.464616
13440.000534 5.120581 -4.395764
13430.000305 4.884824 -4.351945
13420.000076 4.984197 -4.280239
13409.999847 5.158794 -4.219476
13400.000572 5.096334 -4.360294
13390.000343 5.078495 -4.159991
13380.000114 5.288553 -4.358138
13369.999886 5.308282 -4.202305
13360.000610 5.390758 -4.329048
13350.000381 5.196701 -4.182407
13340.000153 5.210761 -4.299951
13329.999924 5.149487 -4.232414
13320.000648 5.300956 -4.152914
13310.000420 5.306057 -4.235844
13300.000191 5.308798 -4.198098
13289.999962 5.262108 -4.115000
13279.999733 5.058818 -4.168980
13270.000458 5.043932 -4.082614
13260.000229 5.168952 -3.942577
13250.000000 5.052307 -4.118090
13239.999771 5.458967 -4.065374
13230.000496 5.142102 -4.073118
13220.000267 5.220576 -4.003910
13210.000038 5.195038 -4.124596
13199.999809 5.438175 -4.239413
13190.000534 5.195415 -4.033535
13180.000305 5.320077 -4.151284
13170.000076 5.150210 -4.127719
13159.999847 5.169673 -4.136172
13150.000572 5.299289 -4.173500
13140.000343 5.126257 -4.163869
13130.000114 5.170515 -4.058694
13119.999886 5.461877 -4.162389
13110.000610 5.334961 -4.096928
13100.000381 5.266733 -4.024037
13090.000153 5.340606 -4.110100
13079.999924 5.386078 -4.137069
13070.000648 5.314804 -3.948865
13060.000420 5.524595 -4.027116
13050.000191 5.114014 -4.102098
13039.999962 5.389255 -4.087761
13029.999733 5.502317 -3.978978
13020.000458 5.070242 -3.877509
13010.000229 5.488051 -3.970208
13000.000000 5.521090 -4.039292
12989.999771 5.223196 -4.036369
12980.000496 5.116163 -4.059526
12970.000267 5.140195 -3.967196
12960.000038 5.337948 -3.766812
12949.999809 5.187737 -4.007006
12940.000534 5.311080 -3.845382
12930.000305 5.191116 -3.961694
12920.000076 5.085810 -4.057691
12909.999847 5.202567 -4.065232
12900.000572 5.139169 -3.965401
12890.000343 5.185891 -4.031315
12880.000114 5.296566 -3.841349
12869.999886 5.248650 -3.962635
12860.000610 5.214325 -3.955400
12850.000381 5.264282 -4.030565
12840.000153 4.959710 -3.936316
12829.999924 5.141307 -3.788197
12820.000648 5.135188 -3.868738
12810.000420 5.070641 -3.934292
12800.000191 4.991154 -3.929614
12789.999962 5.087172 -4.029748
12779.999733 5.039024 -3.759959
12770.000458 5.258785 -3.995851
12760.000229 5.109325 -3.957041
12750.000000 4.898043 -3.852265
12739.999771 5.125917 -3.904365
12730.000496 4.991929 -3.911867
12720.000267 5.214401 -3.726360
12710.000038 4.889041 -3.897890
12699.999809 5.057604 -3.894023
12690.000534 4.936056 -3.992875
12680.000305 5.042183 -3.770684
12670.000076 4.982277 -3.779082
12659.999847 4.955051 -3.909540
12650.000572 5.099858 -3.806545
12640.000343 5.095518 -3.713043
12630.000114 4.743248 -3.767653
12619.999886 5.093164 -3.706605
12610.000610 5.095475 -3.769021
12600.000381 5.029758 -3.690072
12590.000153 4.815290 -3.786685
12579.999924 4.884031 -3.718949
12570.000648 4.978497 -3.861058
12560.000420 4.933485 -3.903131
12550.000191 5.107907 -3.722904
12539.999962 5.237014 -3.720916
12530.000687 4.881711 -3.651900
12520.000458 5.119582 -3.783362
12510.000229 5.041930 -3.704647
12500.000000 5.180113 -3.700948
12489.999771 5.203997 -3.745344
12480.000496 4.767526 -3.739923
12470.000267 5.215724 -3.718377
12460.000038 5.023638 -3.617045
12449.999809 5.112270 -3.637324
12440.000534 5.282667 -3.641596
12430.000305 5.135359 -3.712071
12420.000076 5.246221 -3.587955
12409.999847 5.103717 -3.610022
12400.000572 5.100491 -3.668694
12390.000343 4.952561 -3.717297
12380.000114 5.084634 -3.638577
12369.999886 4.912628 -3.489749
12360.000610 5.065724 -3.530863
12350.000381 5.156625 -3.568987
12340.000153 5.021089 -3.685347
12329.999924 5.343939 -3.462010
12320.000648 5.183475 -3.647967
12310.000420 5.224187 -3.560242
12300.000191 5.412544 -3.506186
12289.999962 5.238710 -3.553384
12280.000687 5.162533 -3.584125
12270.000458 5.163648 -3.598221
12260.000229 5.075595 -3.705573
12250.000000 5.152014 -3.495693
12239.999771 5.029193 -3.598138
12230.000496 5.205905 -3.546272
12220.000267 5.244352 -3.534882
12210.000038 5.252636 -3.575320
12199.999809 5.042095 -3.552620
12190.000534 5.256829 -3.568601
12180.000305 5.213897 -3.654708
12170.000076 5.214465 -3.409111
12159.999847 4.983852 -3.550003
12150.000572 5.007734 -3.516640
12140.000343 5.163166 -3.570841
12130.000114 5.283668 -3.606526
12119.999886 5.208456 -3.424786
12110.000610 5.169885 -3.494530
12100.000381 5.108104 -3.383835
12090.000153 5.279654 -3.508589
12079.999924 5.297191 -3.457531
12070.000648 5.350744 -3.522557
12060.000420 5.402688 -3.560711
12050.000191 5.236970 -3.324962
12039.999962 5.255234 -3.517309
12030.000687 5.515719 -3.565505
12020.000458 5.398393 -3.532991
12010.000229 5.286616 -3.381166
12000.000000 5.147623 -3.413339
11989.999771 5.290723 -3.432848
11980.000496 4.901297 -3.385440
11970.000267 4.963548 -3.522880
11960.000038 5.085791 -3.434130
11949.999809 4.955506 -3.360581
11940.000534 5.047688 -3.424070
11930.000305 4.909895 -3.450874
11920.000076 5.026915 -3.286383
11909.999847 5.157328 -3.420429
11900.000572 5.159855 -3.493716
11890.000343 5.113376 -3.475500
11880.000114 5.144439 -3.414163
11869.999886 5.173337 -3.385276
11860.000610 5.239000 -3.311595
11850.000381 5.062588 -3.493467
11840.000153 5.153266 -3.481217
11829.999924 5.137376 -3.391202
11820.000648 5.022502 -3.428211
11810.000420 5.079299 -3.491538
11800.000191 4.994783 -3.516294
11789.999962 5.451253 -3.380694
11780.000687 4.914360 -3.345903
11770.000458 5.096860 -3.336921
11760.000229 5.181317 -3.368529
11750.000000 5.128019 -3.314094
11739.999771 5.310397 -3.303026
11730.000496 5.122235 -3.452942
11720.000267 5.381466 -3.468285
11710.000038 5.006312 -3.358602
11699.999809 5.302872 -3.351031
11690.000534 5.016659 -3.341902
11680.000305 5.246809 -3.403708
11670.000076 5.137348 -3.242771
11659.999847 5.034443 -3.537394
11650.000572 5.179464 -3.362692
11640.000343 5.171372 -3.386740
11630.000114 5.311784 -3.403387
11619.999886 5.134131 -3.339706
11610.000610 5.113245 -3.360472
11600.000381 4.930276 -3.477464
11590.000153 5.183355 -3.291654
11579.999924 5.268552 -3.287605
11570.000648 5.167342 -3.342857
11560.000420 5.085433 -3.471059
11550.000191 5.331414 -3.448967
11539.999962 5.285726 -3.303789
11530.000687 5.084171 -3.279622
11520.000458 5.308393 -3.334974
11510.000229 5.100916 -3.234315
11500.000000 4.911956 -3.191686
11489.999771 5.080065 -3.382201
11480.000496 5.133050 -3.337941
11470.000267 5.174514 -3.535898
11460.000038 5.322847 -3.372567
11449.999809 5.262486 -3.270650
11440.000534 5.333825 -3.214364
11430.000305 5.162302 -3.169336
11420.000076 5.190806 -3.087153
11409.999847 5.118054 -3.234947
11400.000572 5.158183 -3.290037
11390.000343 5.378021 -3.234406
11380.000114 5.073224 -3.226670
11369.999886 5.354681 -3.137530
11360.000610 5.134324 -3.259420
11350.000381 5.342041 -3.252259
11340.000153 5.175895 -3.205276
11329.999924 5.271616 -3.226490
11320.000648 5.286524 -3.234774
11310.000420 4.996605 -3.008098
11300.000191 4.904367 -3.163312
11289.999962 5.061962 -3.330728
11280.000687 5.074624 -3.326208
11270.000458 5.153542 -3.220966
11260.000229 5.031989 -3.218722
11250.000000 5.066001 -3.206178
11239.999771 5.082067 -3.159576
11230.000496 5.224868 -3.144895
11220.000267 5.049574 -3.294862
11210.000038 5.134802 -3.260660
11199.999809 5.152857 -3.149202
11190.000534 5.047499 -3.235482
11180.000305 5.156443 -3.239755
11170.000076 4.927203 -3.303645
11159.999847 5.070765 -3.139814
11150.000572 5.292547 -3.026942
11140.000343 5.352474 -3.066044
11130.000114 5.174451 -3.131566
11119.999886 5.114098 -3.212596
11110.000610 5.108209 -3.190328
11100.000381 5.292580 -3.099586
11090.000153 5.229984 -3.228464
11079.999924 5.039460 -3.181536
11070.000648 4.958959 -3.146961
11060.000420 5.048623 -3.068022
11050.000191 5.144676 -3.237730
11039.999962 5.227844 -3.042951
11030.000687 5.129252 -3.059589
11020.000458 4.878420 -3.079944
11010.000229 5.201979 -3.120915
11000.000000 5.089170 -3.209310
10989.999771 5.202419 -3.285865
10980.000496 5.164371 -3.293073
10970.000267 5.015471 -3.393651
10960.000038 5.010816 -3.275881
10949.999809 4.918011 -3.146280
10940.000534 4.942150 -3.244098
10930.000305 4.957018 -3.339509
10920.000076 4.979394 -3.301898
10909.999847 4.920406 -3.191299
10900.000572 5.007611 -3.151793
10890.000343 4.942193 -3.129001
10880.000114 4.996140 -3.225675
10869.999886 5.107253 -3.382830
10860.000610 4.912175 -3.303239
10850.000381 5.043868 -3.141617
10840.000153 4.958490 -3.356049
10829.999924 5.233327 -3.147343
10820.000648 5.100963 -3.255989
10810.000420 5.242475 -3.186773
10800.000191 4.956080 -3.124745
10789.999962 5.216623 -3.090483
10780.000687 4.641304 -3.269914
10770.000458 4.855722 -3.035998
10760.000229 5.134801 -3.205944
10750.000000 5.072751 -3.165265
10740.000725 5.144639 -3.312993
10730.000496 4.938228 -3.249368
10720.000267 5.009496 -3.137413
10710.000038 4.941733 -3.180507
10699.999809 4.981617 -3.269362
10690.000534 5.007902 -3.231936
10680.000305 4.907850 -3.180302
10670.000076 4.915471 -3.235633
10659.999847 4.998708 -3.224808
10650.000572 5.099878 -3.340464
10640.000343 5.222436 -3.185367
10630.000114 5.111735 -3.130635
10619.999886 5.033559 -3.243880
10610.000610 4.979876 -3.155026
10600.000381 5.003838 -3.225676
10590.000153 5.025002 -3.222222
10579.999924 4.964503 -3.245957
10570.000648 4.943142 -3.059646
10560.000420 4.975368 -3.199065
10550.000191 5.057835 -3.271123
10539.999962 5.002872 -3.165604
10530.000687 5.100826 -3.228317
10520.000458 4.857305 -3.105638
10510.000229 5.090495 -3.227799
10500.000000 4.763493 -3.269229
10490.000725 4.821209 -3.173187
10480.000496 4.890884 -3.027994
10470.000267 4.743133 -3.172813
10460.000038 4.881916 -3.321083
10449.999809 5.195566 -3.143218
10440.000534 4.673445 -3.219330
10430.000305 4.973979 -3.255549
10420.000076 4.876610 -3.297535
10409.999847 4.940864 -3.153888
10400.000572 5.044272 -3.244528
10390.000343 5.002810 -3.160737
10380.000114 5.175324 -3.227395
10369.999886 5.083546 -3.190454
10360.000610 5.008419 -3.142913
10350.000381 4.933709 -3.130291
10340.000153 4.987681 -3.284738
10329.999924 4.805890 -3.183919
10320.000648 5.114405 -3.090737
10310.000420 5.103728 -3.100065
10300.000191 4.943032 -3.215517
10289.999962 5.053601 -3.230465
10280.000687 4.950493 -3.229240
10270.000458 5.111564 -3.088211
10260.000229 4.802564 -3.223115
10250.000000 4.927640 -3.129133
10240.000725 5.151860 -3.134505
10230.000496 4.779206 -3.169894
10220.000267 5.040450 -3.178439
10210.000038 5.039867 -3.113250
10199.999809 5.003341 -3.257184
10190.000534 4.976665 -3.229225
10180.000305 4.747509 -3.153547
10170.000076 5.011328 -3.049509
10159.999847 5.000899 -3.115935
10150.000572 5.225533 -3.138512
10140.000343 5.101984 -3.229115
10130.000114 5.013125 -3.090889
10119.999886 5.141783 -3.139524
10110.000610 4.968946 -3.096366
10100.000381 5.103124 -3.137978
10090.000153 4.979094 -3.106244
10079.999924 4.756469 -3.101244
10070.000648 5.125196 -3.174535
10060.000420 4.899544 -3.207020
10050.000191 4.838812 -3.173779
10039.999962 4.902311 -3.124082
10030.000687 5.024348 -3.145853
10020.000458 4.928890 -3.091390
10010.000229 4.852193 -3.157493
10000.000000 4.924882 -3.165641
9990.000725 5.055540 -3.194981
9980.000496 4.991615 -3.140461
9970.000267 4.842834 -2.998087
9960.000038 5.023245 -3.260096
9949.999809 4.946145 -3.223213
9940.000534 4.964889 -3.280402
9930.000305 5.218962 -3.112304
9920.000076 5.081159 -3.069615
9909.999847 4.920890 -3.018192
9900.000572 5.118305 -3.127207
9890.000343 5.075942 -3.165461
9880.000114 5.121157 -3.143902
9869.999886 4.908429 -3.009997
9860.000610 5.027586 -3.174054
9850.000381 4.816518 -3.159265
9840.000153 5.214506 -3.108748
9829.999924 5.261785 -3.229574
9820.000648 4.860911 -3.181713
9810.000420 5.172305 -3.190471
9800.000191 5.201490 -3.249303
9789.999962 5.157616 -3.178200
9780.000687 5.136767 -2.979088
9770.000458 5.020413 -3.127276
9760.000229 5.081365 -3.105447
9750.000000 5.067173 -3.075929
9740.000725 5.022369 -3.110331
9730.000496 4.958193 -3.128365
9720.000267 5.047467 -3.127740
9710.000038 5.055654 -3.080992
9699.999809 5.142185 -2.976655
9690.000534 5.120023 -3.112364
9680.000305 4.915525 -3.029626
9670.000076 5.010287 -3.037506
9659.999847 5.130000 -3.125971
9650.000572 5.084785 -3.192654
9640.000343 5.214467 -2.913593
9630.000114 5.222426 -3.052732
9619.999886 5.151695 -3.158235
9610.000610 4.929054 -3.216145
9600.000381 5.143478 -3.094470
9590.000153 5.053600 -3.073298
9579.999924 5.144910 -3.159139
9570.000648 4.906459 -3.086808
9560.000420 5.015644 -2.973122
9550.000191 5.195933 -3.058089
9539.999962 5.296468 -3.035243
9530.000687 5.277874 -3.056018
9520.000458 5.053075 -3.094620
9510.000229 5.075752 -3.019771
9500.000000 5.205938 -3.114162
9490.000725 5.219434 -2.996386
9480.000496 5.148113 -3.124431
9470.000267 4.870845 -3.009696
9460.000038 4.926304 -2.978002
9449.999809 5.314603 -3.023592
9440.000534 5.083668 -3.013218
9430.000305 5.185741 -3.126358
9420.000076 5.052358 -3.173181
9409.999847 5.118377 -3.095796
9400.000572 5.126704 -3.064944
9390.000343 5.048996 -2.966181
9380.000114 4.921967 -3.168587
9369.999886 5.038693 -2.973019
9360.000610 5.066036 -2.944908
9350.000381 5.277047 -3.122536
9340.000153 4.984938 -3.170456
9329.999924 5.200456 -2.916095
9320.000648 5.003118 -3.023786
9310.000420 5.044395 -3.096816
9300.000191 4.870880 -3.239158
9289.999962 5.222900 -3.066343
9280.000687 5.091069 -3.079762
9270.000458 4.877201 -3.045491
9260.000229 4.937044 -3.085174
9250.000000 4.910358 -3.042906
9240.000725 5.038291 -3.110238
9230.000496 5.011497 -3.177855
9220.000267 5.104228 -3.116130
9210.000038 5.278971 -3.045041
9200.000763 4.945616 -3.009609
9190.000534 4.965440 -3.052284
9180.000305 5.098200 -3.115346
9170.000076 5.057330 -3.184750
9159.999847 5.034829 -3.222741
9150.000572 4.996802 -3.096171
9140.000343 5.051800 -3.002820
9130.000114 5.022012 -3.078852
9119.999886 4.959325 -3.170428
9110.000610 5.086882 -3.022359
9100.000381 5.080972 -3.038605
9090.000153 5.020169 -3.078279
9079.999924 4.963860 -3.003717
9070.000648 4.993965 -3.123631
9060.000420 5.297089 -3.026022
9050.000191 5.056268 -2.892994
9039.999962 5.044187 -3.047071
9030.000687 4.932088 -3.074636
9020.000458 5.040573 -3.082322
9010.000229 5.157907 -2.798082
9000.000000 5.115918 -3.036098
8990.000725 5.287319 -3.070661
8980.000496 5.270724 -3.121545
8970.000267 5.119782 -3.019604
8960.000038 4.928498 -3.133521
8950.000763 5.166132 -3.093295
8940.000534 5.133250 -3.032085
8930.000305 5.041277 -3.095351
8920.000076 5.162992 -2.959325
8909.999847 5.281508 -2.971023
8900.000572 5.095221 -3.025386
8890.000343 5.062168 -3.082203
8880.000114 5.208386 -2.995449
8869.999886 5.145802 -3.002047
8860.000610 4.988866 -2.949293
8850.000381 5.003806 -2.971522
8840.000153 4.992202 -3.142403
8829.999924 5.194635 -3.021086
8820.000648 5.160082 -2.978377
8810.000420 5.152081 -2.967948
8800.000191 4.928000 -3.037715
8789.999962 5.190733 -2.929555
8780.000687 4.985744 -2.998940
8770.000458 4.950996 -3.038002
8760.000229 5.190232 -3.005625
8750.000000 5.068136 -3.091539
8740.000725 5.136455 -3.127173
8730.000496 4.994850 -3.065011
8720.000267 5.173930 -2.949291
8710.000038 5.125400 -2.922092
8700.000763 4.992947 -3.066388
8690.000534 4.994649 -3.059568
8680.000305 4.947986 -3.166102
8670.000076 5.065512 -3.139356
8659.999847 5.139111 -2.986261
8650.000572 5.096978 -2.970608
8640.000343 4.941937 -3.218238
8630.000114 5.186454 -2.919150
8619.999886 5.271999 -3.137072
8610.000610 5.071018 -3.180829
8600.000381 5.099825 -3.038870
8590.000153 4.989112 -3.148089
8579.999924 4.972224 -2.968983
8570.000648 5.146877 -3.072519
8560.000420 4.855166 -2.898244
8550.000191 5.180072 -2.950141
8539.999962 5.242152 -3.185430
8530.000687 5.105201 -3.011414
8520.000458 5.050625 -3.143843
8510.000229 5.222429 -3.096630
8500.000000 5.197604 -2.955564
8490.000725 5.114804 -3.011207
8480.000496 5.235362 -2.896861
8470.000267 4.789865 -3.042285
8460.000038 4.863218 -3.051033
8450.000763 5.129398 -2.933655
8440.000534 4.850195 -3.210002
8430.000305 4.985078 -2.962420
8420.000076 5.051709 -3.041182
8409.999847 5.051791 -2.999310
8400.000572 5.186773 -3.015115
8390.000343 4.918250 -3.047869
8380.000114 5.111642 -3.134987
8369.999886 4.937053 -2.899620
8360.000610 5.056440 -3.044301
8350.000381 4.936985 -3.016020
8340.000153 5.109567 -3.072837
8329.999924 4.822851 -3.107638
8320.000648 5.236653 -3.141509
8310.000420 5.159213 -3.107767
8300.000191 4.935846 -2.976338
8289.999962 5.020431 -2.899996
8280.000687 5.064438 -3.133320
8270.000458 4.991141 -3.062136
8260.000229 4.941532 -3.150746
8250.000000 4.941505 -3.028185
8240.000725 4.945758 -3.006369
8230.000496 4.944371 -3.078560
8220.000267 5.044791 -3.011098
8210.000038 4.879157 -3.115561
8200.000763 4.859065 -2.977847
8190.000534 4.857889 -3.032132
8180.000305 5.040098 -3.024113
8170.000076 4.970784 -3.130877
8159.999847 4.943498 -3.013906
8150.000572 4.907024 -3.159181
8140.000343 5.041035 -3.064280
8130.000114 5.010251 -3.003271
8119.999886 4.950390 -3.107891
8110.000610 5.003151 -3.018611
8100.000381 5.206662 -2.903859
8090.000153 4.931954 -2.953271
8079.999924 5.025925 -3.134965
8070.000648 5.198137 -2.938271
8060.000420 4.937867 -2.929495
8050.000191 5.004698 -2.992743
8039.999962 4.990395 -2.936372
8030.000687 4.942705 -3.080003
8020.000458 5.005996 -3.195671
8010.000229 4.885842 -3.017959
8000.000000 4.843922 -3.149768
7990.000725 5.147752 -3.157017
7980.000496 5.236783 -2.978294
7970.000267 5.008539 -3.032280
7960.000038 5.091862 -3.094304
7950.000763 5.111550 -3.128616
7940.000534 5.084284 -2.994990
7930.000305 5.103133 -3.012922
7920.000076 5.002744 -2.821300
7909.999847 5.049962 -2.999053
7900.000572 5.021167 -3.098967
7890.000343 5.028702 -3.069768
7880.000114 5.052002 -3.074611
7869.999886 4.933574 -3.100269
7860.000610 5.073370 -3.035709
7850.000381 4.899222 -3.049051
7840.000153 5.206021 -2.939975
7829.999924 4.977207 -2.964374
7820.000648 4.854468 -3.017277
7810.000420 5.191468 -3.081288
7800.000191 5.476891 -3.220351
7789.999962 5.218006 -3.130229
7780.000687 5.193493 -2.989227
7770.000458 4.874680 -3.070642
7760.000229 5.121139 -3.042328
7750.000000 5.150779 -2.917603
7740.000725 5.088881 -3.046371
7730.000496 5.083457 -2.931567
7720.000267 5.198530 -3.184107
7710.000038 5.045212 -2.997539
7700.000763 4.967145 -2.920112
7690.000534 5.179738 -2.868873
7680.000305 5.180998 -2.929707
7670.000076 5.053635 -3.025152
7659.999847 5.039125 -3.070651
7650.000572 4.852667 -3.049636
7640.000343 5.152545 -2.980295
7630.000114 5.043674 -2.973969
7619.999886 5.199990 -2.987370
7610.000610 5.356642 -2.981320
7600.000381 5.358755 -3.076977
7590.000153 5.052820 -2.954953
7579.999924 5.229261 -2.902411
7570.000648 5.089784 -3.137934
7560.000420 5.079833 -2.954098
7550.000191 4.978672 -3.056845
7539.999962 5.102519 -3.028429
7530.000687 4.856904 -2.895551
7520.000458 5.119705 -3.049350
7510.000229 5.067137 -3.011325
7500.000000 5.252749 -3.040155
7490.000725 5.036860 -3.010958
7480.000496 5.173728 -2.968593
7470.000267 5.161776 -2.992972
7460.000038 5.079378 -3.078918
7450.000763 5.265318 -3.183466
7440.000534 5.091542 -3.048225
7430.000305 5.106931 -2.976841
7420.000076 5.231873 -3.052969
7410.000801 5.045608 -3.054046
7400.000572 5.148278 -3.220322
7390.000343 5.170085 -3.047639
7380.000114 4.975778 -2.855980
7369.999886 5.137678 -3.105232
7360.000610 4.969366 -3.199601
7350.000381 5.233267 -3.095408
7340.000153 5.203914 -2.936200
7329.999924 4.975078 -2.901387
7320.000648 5.151125 -3.025398
7310.000420 5.104118 -2.991534
7300.000191 5.183382 -2.957046
7289.999962 4.840097 -2.861832
7280.000687 5.113306 -2.988799
7270.000458 5.287590 -3.076376
7260.000229 4.907457 -2.966106
7250.000000 4.930526 -3.057967
7240.000725 4.945742 -3.093826
7230.000496 5.083584 -3.023323
7220.000267 4.916352 -3.038940
7210.000038 5.239161 -3.102335
7200.000763 5.102808 -3.006927
7190.000534 5.087950 -2.900030
7180.000305 5.042847 -3.167119
7170.000076 5.216467 -3.014078
7160.000801 5.089678 -3.029717
7150.000572 5.216329 -2.768083
7140.000343 5.122658 -2.959856
7130.000114 4.901407 -2.910044
7119.999886 5.210215 -2.970932
7110.000610 5.075994 -3.044376
7100.000381 5.058706 -2.981309
7090.000153 5.208767 -2.945683
7079.999924 5.299949 -2.904213
7070.000648 5.052757 -3.007517
7060.000420 5.083719 -3.047879
7050.000191 5.056884 -3.023581
7039.999962 5.052744 -3.015347
7030.000687 4.831671 -3.089658
7020.000458 5.124107 -2.963413
7010.000229 5.165448 -3.089475
7000.000000 5.143639 -3.133151
6990.000725 4.894093 -2.969949
6980.000496 4.946832 -2.990231
6970.000267 5.431382 -3.030633
6960.000038 5.029697 -3.060285
6950.000763 5.126565 -3.035504
6940.000534 5.105357 -3.042265
6930.000305 5.120995 -2.977379
6920.000076 5.205625 -3.096736
6910.000801 5.114416 -3.192119
6900.000572 5.009751 -3.068974
6890.000343 5.233634 -2.948534
6880.000114 5.180259 -3.112666
6869.999886 5.520732 -2.905520
6860.000610 5.058047 -3.031786
6850.000381 5.222923 -3.108348
6840.000153 5.078441 -2.985551
6829.999924 5.003579 -3.181147
6820.000648 5.207479 -3.038896
6810.000420 4.963524 -3.036785
6800.000191 5.262915 -2.936378
6789.999962 4.957121 -3.080941
6780.000687 5.151586 -2.961550
6770.000458 4.936241 -3.153036
6760.000229 5.324388 -2.969993
6750.000000 5.385160 -2.990642
6740.000725 4.873382 -2.930156
6730.000496 5.438145 -2.947963
6720.000267 5.157437 -3.102547
6710.000038 5.163488 -3.072982
6700.000763 5.177676 -3.032045
6690.000534 5.160484 -3.036134
6680.000305 5.054755 -3.080309
6670.000076 4.917624 -3.075612
6660.000801 5.193411 -3.062925
6650.000572 5.027802 -3.008522
6640.000343 5.015727 -3.006474
6630.000114 5.253305 -3.080745
6619.999886 5.144360 -3.066237
6610.000610 5.049012 -3.122500
6600.000381 5.073930 -3.052382
6590.000153 5.163712 -3.002462
6579.999924 5.161493 -3.081359
6570.000648 5.094189 -3.049938
6560.000420 5.048777 -3.047877
6550.000191 5.291426 -2.986633
6539.999962 5.115915 -2.965788
6530.000687 5.008691 -3.108064
6520.000458 5.118782 -3.026651
6510.000229 5.034250 -2.894102
6500.000000 5.263003 -3.051941
6490.000725 5.019894 -3.043708
6480.000496 5.196433 -3.048854
6470.000267 5.167678 -2.884195
6460.000038 5.137903 -2.795139
6450.000763 5.209513 -3.027819
6440.000534 5.147184 -3.171644
6430.000305 5.097829 -2.912552
6420.000076 4.955961 -3.016691
6410.000801 5.111373 -3.091652
6400.000572 4.992029 -3.149245
6390.000343 4.772131 -3.122270
6380.000114 5.143965 -3.073092
6369.999886 5.043200 -3.066835
6360.000610 4.937765 -2.926382
6350.000381 4.907146 -3.005174
6340.000153 5.183235 -2.881226
6329.999924 5.028766 -3.132473
6320.000648 5.198075 -2.830331
6310.000420 5.049909 -2.955079
6300.000191 5.225741 -3.015468
6289.999962 4.927561 -2.968061
6280.000687 5.069930 -2.853288
6270.000458 5.169541 -2.914730
6260.000229 5.396991 -3.062898
6250.000000 5.243099 -3.039966
6240.000725 4.991289 -3.077060
6230.000496 5.082352 -3.036710
6220.000267 5.138183 -3.198589
6210.000038 5.069609 -2.999183
6200.000763 5.216126 -3.075734
6190.000534 5.090277 -2.931287
6180.000305 5.134727 -3.096092
6170.000076 4.835145 -3.158744
6160.000801 5.015520 -3.013014
6150.000572 5.147160 -2.968219
6140.000343 5.283256 -2.931428
6130.000114 5.202814 -3.005379
6119.999886 5.202744 -3.127866
6110.000610 5.181623 -3.023403
6100.000381 5.010283 -3.008105
6090.000153 5.119249 -3.020277
6079.999924 5.309173 -3.075343
6070.000648 5.013576 -2.967565
6060.000420 4.827663 -3.052926
6050.000191 5.012490 -3.008405
6039.999962 4.995935 -3.212777
6030.000687 5.094529 -3.010674
6020.000458 5.128980 -3.069914
6010.000229 5.118926 -2.879051
6000.000000 4.862508 -3.064172
5989.999771 5.142376 -3.092723
5979.999542 5.017022 -2.947615
5970.001221 5.087173 -2.967901
5960.000992 5.075596 -3.035222
5950.000763 5.114146 -3.072389
5940.000534 5.081663 -3.038799
5930.000305 5.058110 -3.051308
5920.000076 5.131090 -2.929395
5909.999847 5.202027 -3.058109
5899.999619 5.253834 -2.917179
5890.001297 5.141548 -3.196870
5880.001068 4.948876 -3.090877
5870.000839 5.084169 -2.957529
5860.000610 5.049911 -2.896026
5850.000381 5.062562 -3.211997
5840.000153 5.129863 -2.964220
5829.999924 5.039644 -3.043338
5819.999695 5.210211 -3.021735
5809.999466 4.950049 -3.097477
5800.001144 5.199528 -3.013255
5790.000916 5.231642 -2.974670
5780.000687 5.293032 -2.980036
5770.000458 5.254599 -3.122440
5760.000229 5.016843 -3.126081
5750.000000 5.176300 -3.144856
5739.999771 5.195582 -3.121149
5729.999542 4.932569 -3.066433
5720.001221 4.904975 -3.023993
5710.000992 5.193879 -2.980677
5700.000763 5.085929 -3.006614
5690.000534 5.105349 -2.939018
5680.000305 5.232029 -2.978604
5670.000076 5.097081 -3.023933
5659.999847 5.107840 -3.053024
5649.999619 4.924714 -2.948882
5640.001297 5.144820 -3.007575
5630.001068 5.019369 -2.951729
5620.000839 5.086132 -2.910213
5610.000610 5.162137 -3.064611
5600.000381 5.094105 -2.976164
5590.000153 5.046680 -2.993109
5579.999924 5.064296 -2.994465
5569.999695 5.139070 -3.138360
5559.999466 5.161399 -3.030450
5550.001144 5.107500 -3.060735
5540.000916 5.116714 -2.934224
5530.000687 5.153577 -2.906955
5520.000458 5.118296 -2.976540
5510.000229 5.112585 -2.917879
5500.000000 5.031106 -3.045734
5489.999771 5.017444 -3.068314
5479.999542 4.908203 -2.958235
5470.001221 5.170010 -3.128211
5460.000992 5.186712 -2.879105
5450.000763 5.045971 -2.913176
5440.000534 5.111174 -2.963865
5430.000305 5.159293 -3.084897
5420.000076 5.354839 -2.963855
5409.999847 4.970578 -3.071698
5399.999619 5.201578 -2.980904
5390.001297 5.076522 -3.021894
5380.001068 5.317287 -3.029176
5370.000839 5.104298 -3.024788
5360.000610 5.062258 -2.848071
5350.000381 5.112079 -2.955424
5340.000153 5.198186 -2.888882
5329.999924 5.128289 -3.085064
5319.999695 4.947307 -2.961113
5309.999466 5.214478 -2.891739
5300.001144 5.180085 -3.200597
5290.000916 5.261945 -2.994693
5280.000687 5.167931 -3.020104
5270.000458 5.151344 -2.952369
5260.000229 4.959955 -3.055703
5250.000000 5.190126 -2.934371
5239.999771 5.237189 -3.023444
5229.999542 5.023568 -3.048054
5220.001221 5.165935 -3.107017
5210.000992 5.201738 -3.051599
5200.000763 5.221280 -3.169439
5190.000534 4.958460 -2.910823
5180.000305 5.060165 -3.043654
5170.000076 5.111477 -2.996742
5159.999847 5.067308 -3.089183
5149.999619 5.151106 -3.081915
5140.001297 5.032263 -3.019926
5130.001068 5.006729 -2.986572
5120.000839 5.108529 -3.081280
5110.000610 5.021985 -2.886747
5100.000381 5.250229 -2.877429
5090.000153 5.183480 -2.883056
5079.999924 5.138831 -3.040559
5069.999695 4.999414 -2.937547
5059.999466 5.067855 -3.013553
5050.001144 4.981272 -2.961933
5040.000916 5.096202 -2.965481
5030.000687 5.049630 -2.862074
5020.000458 5.121943 -3.092123
5010.000229 5.253422 -2.973301
5000.000000 4.984971 -3.112355
4989.999771 4.919718 -3.053954
4979.999542 5.287491 -2.749071
4970.001221 5.218917 -3.032132
4960.000992 5.149206 -2.823560
4950.000763 5.152859 -3.112188
4940.000534 5.022793 -2.930292
4930.000305 5.066329 -3.051160
4920.000076 4.992277 -2.961630
4909.999847 5.244963 -2.937959
4899.999619 5.044888 -3.088803
4890.001297 5.073693 -2.974142
4880.001068 5.012235 -2.979095
4870.000839 5.212873 -2.856063
4860.000610 5.048036 -2.997223
4850.000381 5.017701 -3.027129
4840.000153 4.882076 -2.989040
4829.999924 5.114468 -2.979508
4819.999695 4.896835 -2.905003
4809.999466 5.133971 -2.999462
4800.001144 5.124920 -3.134038
4790.000916 5.124394 -3.047593
4780.000687 5.022704 -3.036667
4770.000458 4.932625 -2.911364
4760.000229 5.146403 -2.937029
4750.000000 5.026343 -2.917017
4739.999771 5.158026 -3.022468
4729.999542 4.996288 -2.919881
4720.001221 4.889606 -2.969514
4710.000992 4.977698 -2.980990
4700.000763 5.147629 -2.974224
4690.000534 5.163178 -2.956825
4680.000305 5.040461 -2.883091
4670.000076 5.128599 -2.947693
4659.999847 5.067781 -3.018140
4649.999619 5.036216 -2.979960
4640.001297 5.310194 -3.054034
4630.001068 5.128639 -2.974001
4620.000839 4.958392 -2.910999
4610.000610 5.052139 -3.036307
4600.000381 5.170203 -2.985547
4590.000153 5.251583 -2.897332
4579.999924 5.205374 -2.987367
4569.999695 4.936788 -2.936487
4559.999466 4.949199 -3.093192
4550.001144 5.233352 -2.924887
4540.000916 5.048373 -2.893938
4530.000687 5.106871 -2.959624
4520.000458 5.151004 -2.984557
4510.000229 4.945341 -3.070852
4500.000000 5.247934 -3.192607
4489.999771 5.315571 -3.077969
4479.999542 5.309544 -3.049653
4470.001221 4.998579 -2.905619
4460.000992 4.939247 -3.008678
4450.000763 5.213120 -3.085701
4440.000534 5.108537 -3.015521
4430.000305 5.083419 -3.046197
4420.000076 5.236852 -2.960663
4409.999847 5.091454 -3.118000
4399.999619 5.067554 -2.978240
4390.001297 5.039742 -3.073059
4380.001068 5.283348 -3.101737
4370.000839 5.259789 -2.931663
4360.000610 4.867714 -3.043947
4350.000381 4.953350 -2.983296
4340.000153 5.201704 -3.082882
4329.999924 5.145208 -2.968785
4319.999695 5.306647 -3.036578
4309.999466 4.938950 -3.118374
4300.001144 4.963364 -3.133460
4290.000916 5.034994 -3.038513
4280.000687 5.006374 -2.804777
4270.000458 5.070463 -2.983669
4260.000229 4.828714 -2.951088
4250.000000 5.075100 -2.998797
4239.999771 5.175405 -2.931817
4229.999542 5.431073 -2.891414
4220.001221 5.054539 -2.950222
4210.000992 5.007976 -2.871211
4200.000763 5.037676 -3.051687
4190.000534 5.017039 -3.203587
4180.000305 5.151039 -2.937268
4170.000076 5.013836 -2.984189
4159.999847 5.158202 -3.011162
4149.999619 5.120347 -3.075977
4140.001297 4.989420 -3.016117
4130.001068 5.124425 -3.009125
4120.000839 5.211711 -3.058385
4110.000610 5.078280 -2.860235
4100.000381 5.110631 -2.944408
4090.000153 5.119093 -3.121739
4079.999924 4.930390 -2.998094
4069.999695 5.459803 -2.880035
4059.999466 4.895760 -3.196512
4050.001144 5.110400 -3.010885
4040.000916 5.133045 -2.928016
4030.000687 4.956417 -3.008892
4020.000458 4.945927 -2.828328
4010.000229 5.214765 -3.049019
4000.000000 5.056899 -2.882951
3989.999771 5.216583 -2.929281
3979.999542 5.109721 -3.178348
3970.001221 5.225309 -2.999238
3960.000992 5.143382 -2.977261
3950.000763 5.013784 -2.954438
3940.000534 5.017898 -2.913467
3930.000305 5.060043 -2.952221
3920.000076 5.038251 -3.113287
3909.999847 5.102956 -2.858952
3899.999619 5.051713 -2.972380
3890.001297 5.069881 -2.973657
3880.001068 5.016453 -2.830521
3870.000839 5.288125 -2.967197
3860.000610 5.063694 -2.969300
3850.000381 5.050549 -3.002030
3840.000153 5.195430 -3.191493
3829.999924 5.131766 -3.009262
3819.999695 5.137480 -3.182797
3809.999466 5.115059 -3.054369
3800.001144 4.930567 -3.078799
3790.000916 4.998454 -3.066984
3780.000687 5.331373 -3.148000
3770.000458 5.072299 -3.019740
3760.000229 5.146290 -2.954614
3750.000000 5.032017 -3.058219
3739.999771 4.902042 -2.934730
3729.999542 4.936048 -2.965194
3720.001221 5.090852 -3.104206
3710.000992 5.375001 -3.043427
3700.000763 5.080414 -3.008390
3690.000534 5.241650 -2.991792
3680.000305 5.215678 -2.908328
3670.000076 4.985861 -3.019330
3659.999847 5.115501 -2.884002
3649.999619 5.110159 -3.079679
3640.001297 5.078816 -2.858225
3630.001068 5.178244 -3.033243
3620.000839 5.011226 -2.937261
3610.000610 4.985203 -2.893964
3600.000381 5.083322 -2.994035
3590.000153 5.308296 -3.015165
3579.999924 4.917832 -2.953399
3569.999695 5.009038 -2.902124
3559.999466 5.007925 -3.113595
3550.001144 5.199857 -2.952433
3540.000916 5.266247 -2.936512
3530.000687 5.092521 -3.002804
3520.000458 5.081827 -3.068406
3510.000229 5.095736 -2.928556
3500.000000 5.115992 -2.868641
3489.999771 5.168807 -2.974913
3479.999542 5.076152 -2.881547
3470.001221 5.094306 -3.050772
3460.000992 5.151110 -2.821390
3450.000763 5.268670 -2.938651
3440.000534 5.028827 -3.137526
3430.000305 5.160733 -3.168131
3420.000076 5.202108 -3.047295
3409.999847 5.165683 -2.973495
3399.999619 5.237984 -3.090832
3390.001297 5.271992 -3.141996
3380.001068 5.218880 -2.908807
3370.000839 5.083233 -2.991875
3360.000610 4.999087 -3.169326
3350.000381 5.035276 -3.166468
3340.000153 4.998100 -2.965334
3329.999924 5.006937 -2.953138
3319.999695 5.085100 -2.956052
3309.999466 5.192921 -2.937120
3300.001144 5.116388 -2.912336
3290.000916 5.078225 -2.983838
3280.000687 4.818229 -2.862067
3270.000458 5.112385 -2.886865
3260.000229 5.177995 -3.123522
3250.000000 5.221835 -3.045212
3239.999771 4.937569 -2.904268
3229.999542 5.090511 -2.782791
3220.001221 5.091833 -3.074373
3210.000992 5.208760 -3.176546
3200.000763 5.169844 -3.055131
3190.000534 4.862989 -3.030635
3180.000305 5.044158 -3.012388
3170.000076 5.192710 -2.901347
3159.999847 5.118983 -3.036474
3149.999619 4.956366 -2.889107
3140.001297 4.880266 -3.069596
3130.001068 5.073463 -3.032553
3120.000839 4.980736 -2.854094
3110.000610 4.859088 -3.046077
3100.000381 5.011299 -2.856660
3090.000153 4.952959 -3.069577
3079.999924 5.070879 -3.033873
3069.999695 5.082591 -3.006890
3060.001373 5.097675 -2.940989
3050.001144 4.670432 -2.960478
3040.000916 5.026982 -2.913543
3030.000687 4.922923 -2.997721
3020.000458 5.178038 -3.003578
3010.000229 4.965123 -2.915296
3000.000000 5.194327 -2.971761
2989.999771 5.158764 -2.934386
2979.999542 5.068304 -2.893636
2970.001221 5.269965 -2.965267
2960.000992 5.152504 -2.922224
2950.000763 5.132207 -3.116741
2940.000534 5.377640 -2.706551
2930.000305 5.058279 -3.125307
2920.000076 4.928070 -2.870975
2909.999847 4.992100 -3.082782
2899.999619 4.959215 -2.964387
2890.001297 5.083716 -3.074897
2880.001068 5.097897 -2.955357
2870.000839 5.129909 -2.863047
2860.000610 4.853388 -3.110945
2850.000381 5.031824 -2.861831
2840.000153 5.168823 -2.847855
2829.999924 5.318651 -3.094756
2819.999695 5.030267 -2.911514
2810.001373 5.077668 -3.013812
2800.001144 5.025511 -3.006235
2790.000916 4.915914 -2.833122
2780.000687 5.075480 -3.076694
2770.000458 5.099912 -2.962976
2760.000229 5.132078 -3.010415
2750.000000 5.000226 -2.960101
2739.999771 5.178667 -3.055090
2729.999542 5.150505 -3.029497
2720.001221 5.113905 -2.972009
2710.000992 5.225562 -2.918547
2700.000763 5.140788 -2.887934
2690.000534 5.097868 -2.981867
2680.000305 5.230694 -2.953691
2670.000076 5.047773 -2.987278
2659.999847 5.062099 -2.994981
2649.999619 4.928984 -2.903526
2640.001297 5.295384 -2.961356
2630.001068 5.255268 -3.112384
2620.000839 5.125794 -3.003255
2610.000610 5.083494 -3.015634
2600.000381 5.149860 -2.973638
2590.000153 4.834715 -3.101821
2579.999924 5.123643 -2.931040
2569.999695 5.031393 -3.062650
2560.001373 5.111559 -2.876260
2550.001144 5.193567 -2.997598
2540.000916 5.115733 -3.079742
2530.000687 5.033759 -3.034405
2520.000458 4.940576 -3.015821
2510.000229 5.238976 -3.098221
2500.000000 5.130520 -3.050107
2489.999771 5.263536 -3.000470
2479.999542 4.713716 -3.008817
2470.001221 5.052075 -2.924515
2460.000992 5.100658 -3.060849
2450.000763 5.122796 -2.884816
2440.000534 5.021534 -2.999117
2430.000305 4.987009 -2.915240
2420.000076 5.064393 -2.816367
2409.999847 5.027747 -2.837031
2399.999619 5.091911 -3.037547
2390.001297 5.004591 -3.073519
2380.001068 5.093056 -2.829668
2370.000839 5.193290 -2.960837
2360.000610 5.177962 -2.968860
2350.000381 5.076500 -2.755414
2340.000153 5.157575 -2.935508
2329.999924 5.003429 -2.929440
2319.999695 5.243528 -2.980593
2310.001373 5.203581 -2.910499
2300.001144 5.074340 -2.798961
2290.000916 5.209909 -2.926380
2280.000687 5.141696 -2.978171
2270.000458 5.081486 -3.178495
2260.000229 5.313756 -3.190075
2250.000000 5.168559 -3.026178
2239.999771 4.916644 -2.915630
2229.999542 4.900902 -2.992985
2220.001221 5.080256 -2.798047
2210.000992 5.132400 -3.099497
2200.000763 5.196878 -3.016154
2190.000534 5.097993 -2.961014
2180.000305 5.203069 -3.206912
2170.000076 5.091913 -2.865546
2159.999847 5.143326 -3.052711
2149.999619 5.277907 -2.987620
2140.001297 5.377126 -2.979656
2130.001068 5.356089 -3.064932
2120.000839 5.143892 -2.884990
2110.000610 4.902388 -3.033522
2100.000381 5.026676 -3.191114
2090.000153 5.184985 -3.091386
2079.999924 4.877029 -2.982880
2069.999695 5.259038 -3.014898
2060.001373 4.918877 -3.050487
2050.001144 5.167992 -2.904017
2040.000916 5.148143 -3.031905
2030.000687 4.972610 -3.107717
2020.000458 5.096892 -3.045754
2010.000229 5.268335 -2.988288
2000.000000 5.182588 -3.072206
1989.999771 5.001352 -3.051675
1979.999542 5.190159 -2.936187
1970.001221 5.158591 -2.896958
1960.000992 5.248770 -2.924491
1950.000763 4.912406 -2.965230
1940.000534 4.986371 -2.959042
1930.000305 4.874227 -3.085022
1920.000076 5.189119 -2.939104
1909.999847 5.066240 -3.026626
1899.999619 5.105633 -3.014402
1890.001297 5.191057 -3.154133
1880.001068 5.030532 -3.115179
1870.000839 5.167317 -3.065474
1860.000610 4.919207 -2.936500
1850.000381 5.238559 -2.828544
1840.000153 5.125737 -2.953900
1829.999924 5.176714 -2.925229
1819.999695 5.179115 -2.800447
1810.001373 4.811544 -3.052429
1800.001144 4.902608 -3.055382
1790.000916 5.142750 -3.032231
1780.000687 5.061658 -3.091760
1770.000458 5.066467 -2.973580
1760.000229 5.219940 -2.884300
1750.000000 5.127301 -2.718165
1739.999771 5.111407 -2.930758
1729.999542 5.133032 -2.976255
1720.001221 5.073035 -2.950262
1710.000992 4.968642 -3.015914
1700.000763 4.974726 -2.913428
1690.000534 5.237561 -2.872518
1680.000305 5.320136 -3.004346
1670.000076 4.942530 -2.983516
1659.999847 5.223917 -2.929515
1649.999619 5.137036 -2.890405
1640.001297 5.017496 -2.996036
1630.001068 4.963598 -3.112830
1620.000839 5.182973 -3.024415
1610.000610 5.176558 -3.025500
1600.000381 4.904938 -2.984743
1590.000153 5.090993 -3.009422
1579.999924 5.111849 -2.838424
1569.999695 5.066953 -3.041665
1560.001373 5.091486 -2.831710
1550.001144 5.149848 -3.041956
1540.000916 5.226241 -3.226983
1530.000687 4.976606 -2.879192
1520.000458 5.099089 -2.914798
1510.000229 5.167600 -2.855458
1500.000000 5.330043 -3.059439
1489.999771 5.227862 -2.861769
1479.999542 5.170770 -3.019715
1470.001221 4.990141 -2.984563
1460.000992 5.034490 -2.914639
1450.000763 5.115834 -2.953995
1440.000534 5.152131 -3.071385
1430.000305 5.258030 -3.046070
1420.000076 5.227727 -3.052709
1409.999847 4.954907 -3.060721
1399.999619 5.178876 -2.943348
1390.001297 5.157365 -2.948332
1380.001068 4.945898 -2.984131
1370.000839 5.174542 -3.022318
1360.000610 5.164075 -2.977239
1350.000381 4.879288 -2.971510
1340.000153 5.119367 -2.941646
1329.999924 5.169069 -2.865183
1319.999695 5.193433 -2.941400
1310.001373 5.130352 -2.964232
1300.001144 5.188892 -2.982396
1290.000916 5.235214 -3.001919
1280.000687 5.087029 -2.843082
1270.000458 5.058526 -2.856238
1260.000229 5.049335 -3.079076
1250.000000 5.098592 -3.000996
1239.999771 5.109826 -2.885395
1229.999542 5.135460 -2.888142
1220.001221 5.179059 -3.067267
1210.000992 5.127143 -3.043911
1200.000763 5.043477 -3.066285
1190.000534 4.880701 -2.949168
1180.000305 5.067189 -2.946805
1170.000076 5.201185 -2.968808
1159.999847 5.192158 -2.900799
1149.999619 5.189922 -2.955162
1140.001297 5.107963 -2.962366
1130.001068 4.808631 -3.085140
1120.000839 5.019202 -2.981437
1110.000610 5.026524 -3.019576
1100.000381 5.153573 -2.981985
1090.000153 5.123330 -3.018408
1079.999924 5.099487 -2.961054
1069.999695 5.042679 -2.902225
1060.001373 5.013424 -3.005028
1050.001144 5.239034 -2.946298
1040.000916 5.148248 -2.979131
1030.000687 5.161563 -2.950768
1020.000458 4.942042 -2.822797
1010.000229 5.085986 -2.785049
1000.000000 5.012999 -2.955314
989.999771 4.915648 -2.963911
979.999542 4.952616 -3.103310
970.001221 4.823907 -2.853954
960.000992 5.118350 -2.989872
950.000763 5.068367 -3.117603
940.000534 4.949688 -2.945755
930.000305 5.212449 -2.964673
920.000076 5.199375 -2.928845
909.999847 5.047027 -2.925872
899.999619 5.068077 -3.120744
890.001297 5.175299 -3.067683
880.001068 5.163212 -3.095448
870.000839 4.896099 -2.980558
860.000610 5.222791 -2.843376
850.000381 4.987149 -3.033537
840.000153 4.980593 -3.039199
829.999924 5.164756 -2.920620
819.999695 4.939428 -2.871114
810.001373 5.066740 -3.019979
800.001144 5.061320 -3.094987
790.000916 5.110981 -2.910901
780.000687 5.199407 -2.842847
770.000458 5.164532 -3.004893
760.000229 5.208192 -2.938804
750.000000 5.214268 -3.118983
739.999771 5.001025 -3.008893
729.999542 5.071183 -3.127659
720.001221 5.267218 -3.028788
710.000992 5.049669 -3.035366
700.000763 4.868141 -3.050068
690.000534 4.982315 -3.045343
680.000305 5.001550 -2.992012
670.000076 5.202137 -2.854529
659.999847 5.179223 -3.065120
649.999619 4.971121 -3.030918
640.001297 5.148931 -3.090684
630.001068 4.931184 -2.956512
620.000839 5.009921 -2.718082
610.000610 5.332270 -2.960980
600.000381 5.369489 -2.897231
590.000153 5.118800 -2.975302
579.999924 5.189013 -2.986023
569.999695 5.303798 -2.814056
560.001373 4.921149 -3.033724
550.001144 5.430976 -2.751840
540.000916 4.991716 -3.036881
530.000687 5.093070 -2.892536
520.000458 5.113433 -2.899310
510.000229 5.172721 -3.177758
500.000000 5.062516 -3.065855
489.999771 5.026184 -3.057811
479.999542 5.055311 -3.021198
470.001221 5.165921 -2.826387
460.000992 4.970815 -2.868207
450.000763 5.298307 -3.061692
440.000534 5.095283 -2.993041
430.000305 4.894700 -3.000057
420.000076 5.277587 -2.947650
409.999847 4.817042 -3.071348
399.999619 5.287267 -2.852776
390.001297 4.935208 -2.978362
380.001068 5.235978 -3.007919
370.000839 5.171331 -2.807075
360.000610 4.930950 -2.956322
350.000381 5.313432 -3.063456
340.000153 5.039449 -3.142936
329.999924 5.187697 -3.016253
319.999695 5.142269 -2.997831
310.001373 5.045016 -3.124257
300.001144 5.042044 -3.010061
290.000916 4.937109 -2.781008
280.000687 5.083093 -3.129275
270.000458 5.020541 -3.024093
260.000229 5.228906 -3.015215
250.000000 5.186434 -2.976863
239.999771 5.018602 -2.835367
229.999542 5.011159 -2.925664
220.001221 5.213882 -2.940276
210.000992 5.057844 -3.080502
200.000763 5.118459 -2.931766
190.000534 5.041229 -2.921530
180.000305 5.010403 -3.073135
170.000076 5.289098 -2.957289
159.999847 5.211968 -3.004198
149.999619 4.937256 -2.847004
140.001297 5.161206 -3.001631
130.001068 5.122843 -3.023036
120.000839 5.180993 -2.927289
110.000610 5.216768 -2.929001
100.000381 5.163852 -3.006157
90.000153 5.233828 -3.007608
79.999924 5.225568 -2.841753
69.999695 5.386820 -2.901508
60.001373 5.121271 -2.978937
50.001144 5.260260 -3.108209
40.000916 4.982752 -2.948974
30.000687 4.968088 -3.045052
20.000458 5.145742 -2.913937
10.000229 4.957811 -2.938657
-0.000000 5.067141 -2.981579
-10.000229 4.858327 -2.998354
-20.000458 4.933006 -2.937362
-29.998779 5.265953 -3.086958
